{
  "keyframes": [],
  "render_height": 720,
  "render_width": 1280,
  "camera_path": [
    {
      "camera_to_world": [
        -0.9891987447809457,
        0.06383463552994624,
        -0.131950682569514,
        0.2686384133607683,
        -0.14658050117188753,
        -0.43078813917906345,
        0.890469390725385,
        0.643567317914643,
        2.081668171172168e-17,
        0.9001926007524162,
        0.4354919994105532,
        -0.019677608095846427,
        0,
        0,
        0,
        1
      ],
      "fov": 75,
      "aspect": 1
    },
    {
      "camera_to_world": [
        -0.9917424664093973,
        0.057653166227443695,
        -0.11437285014803077,
        0.2779086782070565,
        -0.12821095857705087,
        -0.4250238348074653,
        0.8947084492513173,
        0.6436616683069222,
        0.0029716024227980633,
        0.9033442601076885,
        0.4317587775451926,
        -0.022592458026222603,
        0,
        0,
        0,
        1
      ],
      "fov": 75,
      "aspect": 1
    },
    {
      "camera_to_world": [
        -0.994034749282376,
        0.05144304050859181,
        -0.09585853572246879,
        0.2875581176015942,
        -0.10889210856404186,
        -0.4186656484328603,
        0.8990572342025901,
        0.6439289282711812,
        0.006117672073680989,
        0.9066822422467113,
        0.4272086501431509,
        -0.025839614841477797,
        0,
        0,
        0,
        1
      ],
      "fov": 75,
      "aspect": 1
    },
    {
      "camera_to_world": [
        -0.9960151720991061,
        0.045201202783068904,
        -0.07649228537023489,
        0.29754401743444875,
        -0.08869375416564189,
        -0.4117781403440223,
        0.9034125397016477,
        0.6443455192652165,
        0.00933782203688946,
        0.9101624110024443,
        0.42189419691275365,
        -0.029376475862859092,
        0,
        0,
        0,
        1
      ],
      "fov": 75,
      "aspect": 1
    },
    {
      "camera_to_world": [
        -0.9976272160341483,
        0.03892484365712284,
        -0.05636675785046017,
        0.30782366359568736,
        -0.06769636929130396,
        -0.40442720318649134,
        0.9076736785430837,
        0.6448878627468251,
        0.012535526025268499,
        0.9137414808735681,
        0.4158741178403562,
        -0.0331604384116136,
        0,
        0,
        0,
        1
      ],
      "fov": 75,
      "aspect": 1
    },
    {
      "camera_to_world": [
        -0.998819721764186,
        0.03261137795264012,
        -0.03558244962822669,
        0.3183543419753775,
        -0.04599120281502799,
        -0.396680122248718,
        0.9117443854591402,
        0.6455323801738033,
        0.015619624788740532,
        0.9173774461151595,
        0.40921395975967095,
        -0.03714889980898839,
        0,
        0,
        0,
        1
      ],
      "fov": 75,
      "aspect": 1
    },
    {
      "camera_to_world": [
        -0.9995482982747005,
        0.02625840544469363,
        -0.014247011977565976,
        0.3290933384635863,
        -0.023679800453743752,
        -0.3886055748978353,
        0.915534719970836,
        0.6462554930039481,
        0.018505849524450786,
        0.9210299687316504,
        0.40198656591686466,
        -0.04129925737623058,
        0,
        0,
        0,
        1
      ],
      "fov": 75,
      "aspect": 1
    },
    {
      "camera_to_world": [
        -0.9997766028393837,
        0.019863656521543815,
        0.007525825169444542,
        0.3399979389503813,
        -0.0008729547188407238,
        -0.3802735726381007,
        0.9189628814377007,
        0.6470336226950563,
        0.02111829455708467,
        0.9246607189140509,
        0.3942722213081177,
        -0.04556890843458727,
        0,
        0,
        0,
        1
      ],
      "fov": 75,
      "aspect": 1
    },
    {
      "camera_to_world": [
        -0.9994774119997948,
        0.013424925168689705,
        0.029617681324412243,
        0.3510254293258296,
        0.022310872010708818,
        -0.37175535170222107,
        0.9219568421621359,
        0.6478431907049244,
        0.023390765107502754,
        0.9282336612432094,
        0.3861584831949027,
        -0.04991525030530553,
        0,
        0,
        0,
        1
      ],
      "fov": 75,
      "aspect": 1
    },
    {
      "camera_to_world": [
        -0.9986334120267293,
        0.0069399918559394464,
        0.05190723823047293,
        0.3621330954799987,
        0.04574757128201161,
        -0.3631232202121262,
        0.9244557064945497,
        0.648660618491349,
        0.02526792642164744,
        0.9317152802524038,
        0.3777397058146628,
        -0.05429568030963248,
        0,
        0,
        0,
        1
      ],
      "fov": 75,
      "aspect": 1
    },
    {
      "camera_to_world": [
        -0.9972376538884655,
        0.0004065390450196341,
        0.07427214775029091,
        0.37327822330295585,
        0.06930974806794979,
        -0.3544503716716781,
        0.9264107151954205,
        0.649462327512127,
        0.026706188230193263,
        0.9350747396587152,
        0.369116289046783,
        -0.0586675957688152,
        0,
        0,
        0,
        1
      ],
      "fov": 75,
      "aspect": 1
    },
    {
      "camera_to_world": [
        -0.9952936406923751,
        -0.0061779378791420305,
        0.09659102934710162,
        0.3844180986847683,
        0.092869281341946,
        -0.3458106758004076,
        0.9277858339818724,
        0.6502247392250551,
        0.027674272896464423,
        0.9382839706538884,
        0.36039370043360786,
        -0.0629883940041008,
        0,
        0,
        0,
        1
      ],
      "fov": 75,
      "aspect": 1
    },
    {
      "camera_to_world": [
        -0.992815042405507,
        -0.012816221425458397,
        0.11874544418942216,
        0.3955100075155035,
        0.11629993834153593,
        -0.337278458425857,
        0.928557891155823,
        0.6509242750879299,
        0.028153435227447295,
        0.9413176859861133,
        0.35168133623567155,
        -0.06721547233673639,
        0,
        0,
        0,
        1
      ],
      "fov": 75,
      "aspect": 1
    },
    {
      "camera_to_world": [
        -0.9898250602651315,
        -0.019511461770270255,
        0.14062173487318907,
        0.4065112356852287,
        0.1394798947387077,
        -0.328928282290496,
        0.9287162584816686,
        0.6515373565585483,
        0.028137324585107808,
        0.9441533180416256,
        0.34309129821822193,
        -0.071306228087969,
        0,
        0,
        0,
        1
      ],
      "fov": 75,
      "aspect": 1
    },
    {
      "camera_to_world": [
        -0.986355488420937,
        -0.026267262785447203,
        0.1621126308255433,
        0.4173790690840113,
        0.16229402484590855,
        -0.32083474019543595,
        0.9282620985928077,
        0.6520404050947067,
        0.02763150305738526,
        0.946770880619745,
        0.33473716740585824,
        -0.07521805857904583,
        0,
        0,
        0,
        1
      ],
      "fov": 75,
      "aspect": 1
    },
    {
      "camera_to_world": [
        -0.982445540203995,
        -0.03308776174704257,
        0.18311853808548617,
        0.42807079360191846,
        0.18463584847995962,
        -0.31307227092455386,
        0.9272072277968394,
        0.6524098421542022,
        0.026652654452528533,
        0.9491527554617927,
        0.32673285376701,
        -0.07890836113121386,
        0,
        0,
        0,
        1
      ],
      "fov": 75,
      "aspect": 1
    },
    {
      "camera_to_world": [
        -0.9781405190760006,
        -0.03997770029503039,
        0.20354845586169523,
        0.4385436951290176,
        0.20640905113295951,
        -0.3057150069212253,
        0.9255726624876538,
        0.6526220891948312,
        0.025227535593546863,
        0.9512834057326323,
        0.31919159226369853,
        -0.08233453306572028,
        0,
        0,
        0,
        1
      ],
      "fov": 75,
      "aspect": 1
    },
    {
      "camera_to_world": [
        -0.9734904189909659,
        -0.04694248434831688,
        0.22332048806931065,
        0.4487550595553761,
        0.22752852786159103,
        -0.29883666079498683,
        0.9233869287382009,
        0.6526535676743905,
        0.023391732341385387,
        0.953149019476026,
        0.3122251422354027,
        -0.08545397170381216,
        0,
        0,
        0,
        1
      ],
      "fov": 75,
      "aspect": 1
    },
    {
      "camera_to_world": [
        -0.9685485359593465,
        -0.05398823077111817,
        0.2423619429761993,
        0.45866217277106114,
        0.24792093491765163,
        -0.2925104554939481,
        0.9206842174901421,
        0.6524806990506768,
        0.021188287343808693,
        0.9547370865138358,
        0.3059432304552044,
        -0.08822407436673657,
        0,
        0,
        0,
        1
      ],
      "fov": 75,
      "aspect": 1
    },
    {
      "camera_to_world": [
        -0.9633701633411901,
        -0.061121798603970254,
        0.26060903562462506,
        0.46822232066614017,
        0.26752476322549823,
        -0.2868091004642057,
        0.9175024626253115,
        0.6520799047814868,
        0.018666264894456084,
        0.9560359123099553,
        0.3004532603039811,
        -0.09060223837574062,
        0,
        0,
        0,
        1
      ],
      "fov": 75,
      "aspect": 1
    },
    {
      "camera_to_world": [
        -0.9580114297073228,
        -0.06835080258165285,
        0.2780062240649557,
        0.4773927891306804,
        0.28628997191822986,
        -0.2818048133895525,
        0.9138814074939499,
        0.6514276063246174,
        0.015879311357568943,
        0.9570340719832933,
        0.29586029206032866,
        -0.0925458610520714,
        0,
        0,
        0,
        1
      ],
      "fov": 75,
      "aspect": 1
    },
    {
      "camera_to_world": [
        -0.9525283220999268,
        -0.07568360642859845,
        0.2945052207465948,
        0.4861308640547493,
        0.30417723694681786,
        -0.27756938419965416,
        0.9098607090712723,
        0.650500225137865,
        0.012884258647574837,
        0.9577198069753938,
        0.29226728356304443,
        -0.09401233971697602,
        0,
        0,
        0,
        1
      ],
      "fov": 75,
      "aspect": 1
    },
    {
      "camera_to_world": [
        -0.9469759211558655,
        -0.0831292930193609,
        0.31006372459578424,
        0.494393831328414,
        0.32115687904184176,
        -0.27417427495796165,
        0.9054781098264512,
        0.6492741826790265,
        0.009739804674830634,
        0.9580803659366877,
        0.28977556714620867,
        -0.09495907169170156,
        0,
        0,
        0,
        1
      ],
      "fov": 75,
      "aspect": 1
    },
    {
      "camera_to_world": [
        -0.9414078593882969,
        -0.09069760788999831,
        0.32464391798819187,
        0.5021389768417419,
        0.33720753770687534,
        -0.27169074596143983,
        0.9007676874472794,
        0.6477259004058985,
        0.006505289817595509,
        0.9581012903038741,
        0.2884855278244586,
        -0.09534345429749513,
        0,
        0,
        0,
        1
      ],
      "fov": 75,
      "aspect": 1
    },
    {
      "camera_to_world": [
        -0.9358760009787175,
        -0.09839887176287407,
        0.3382107670833045,
        0.5093235864848005,
        0.3523146547562371,
        -0.2701899948345726,
        0.895758173227812,
        0.6458317997762779,
        0.003239573440623655,
        0.9577656439479791,
        0.2884974386792642,
        -0.09512288485560383,
        0,
        0,
        0,
        1
      ],
      "fov": 75,
      "aspect": 1
    },
    {
      "camera_to_world": [
        -0.9304303311721848,
        -0.10624385668617954,
        0.35073015517811584,
        0.5159049461476568,
        0.36646882382382634,
        -0.2697432914758769,
        0.8904713122099676,
        0.643568302247961,
        0,
        0.9570531853665222,
        0.2899124012176666,
        -0.09425476068727476,
        0,
        0,
        0,
        1
      ],
      "fov": 75,
      "aspect": 1
    },
    {
      "camera_to_world": [
        -0.9249923503198547,
        -0.1144096125254583,
        0.36244189502340524,
        0.5219876361219494,
        0.37997203427449305,
        -0.27040017468588307,
        0.8848035553206808,
        0.6408675311052792,
        -0.0032256811768346526,
        0.9559258266683762,
        0.29284559280229266,
        -0.09268506677700396,
        0,
        0,
        0,
        1
      ],
      "fov": 75,
      "aspect": 1
    },
    {
      "camera_to_world": [
        -0.9194456890005981,
        -0.12304569035303131,
        0.3736359850323626,
        0.5277186073264496,
        0.3931642399129815,
        -0.2721136494349155,
        0.8786485422735117,
        0.6376987635997969,
        -0.006442470943884104,
        0.9543657160002961,
        0.2972757807987877,
        -0.09041939861023685,
        0,
        0,
        0,
        1
      ],
      "fov": 75,
      "aspect": 1
    },
    {
      "camera_to_world": [
        -0.9137821813878261,
        -0.13212102359136277,
        0.38434817887858574,
        0.5331187015919239,
        0.40609135438581845,
        -0.274810296552594,
        0.8720125748811405,
        0.6340941521401613,
        -0.009588371665601583,
        0.9523777276027856,
        0.30310154509978654,
        -0.08750456925964442,
        0,
        0,
        0,
        1
      ],
      "fov": 75,
      "aspect": 1
    },
    {
      "camera_to_world": [
        -0.9079941460009149,
        -0.1416032635119177,
        0.394608259458131,
        0.5382087607491391,
        0.41879314602775897,
        -0.27841647256648905,
        0.8648969119670111,
        0.6300858491350194,
        -0.01260681039126015,
        0.9499646222709601,
        0.3102219419018467,
        -0.08398739179789778,
        0,
        0,
        0,
        1
      ],
      "fov": 75,
      "aspect": 1
    },
    {
      "camera_to_world": [
        -0.9020748679200855,
        -0.15145860702282385,
        0.40444076728308376,
        0.5430096266288617,
        0.4313030840551354,
        -0.2828580683822574,
        0.8572996630584168,
        0.6257060069930185,
        -0.01544611120926007,
        0.94712808189271,
        0.31853563926097095,
        -0.07991467929766789,
        0,
        0,
        0,
        1
      ],
      "fov": 75,
      "aspect": 1
    },
    {
      "camera_to_world": [
        -0.8960190050401637,
        -0.16165168091568496,
        0.41386575302083073,
        0.5475421410618582,
        0.44364829378213944,
        -0.2880603085285383,
        0.8492175344589422,
        0.6209867781228058,
        -0.018059181349988032,
        0.9438696905333791,
        0.32794011289254593,
        -0.07533324483162585,
        0,
        0,
        0,
        1
      ],
      "fov": 75,
      "aspect": 1
    },
    {
      "camera_to_world": [
        -0.8898229226759423,
        -0.17214548950130293,
        0.4228995522730389,
        0.5518271458788955,
        0.4558496111987755,
        -0.293947608573839,
        0.8406474502628826,
        0.6159603149330284,
        -0.020403388208069362,
        0.9401918601317912,
        0.3383309519594354,
        -0.07028990147244266,
        0,
        0,
        0,
        1
      ],
      "fov": 75,
      "aspect": 1
    },
    {
      "camera_to_world": [
        -0.8834849570723098,
        -0.18290143068003484,
        0.4315555809912784,
        0.5558854829107399,
        0.4679217349795952,
        -0.30044350382742413,
        0.8315880592874317,
        0.6106587698323334,
        -0.022440600718881543,
        0.9360986954713145,
        0.34960131602418654,
        -0.06483146229278935,
        0,
        0,
        0,
        1
      ],
      "fov": 75,
      "aspect": 1
    },
    {
      "camera_to_world": [
        -0.8770056056157212,
        -0.19387938324672804,
        0.43984514834834854,
        0.5597379939881583,
        0.47987347845974626,
        -0.30747065795770046,
        0.8220411277969994,
        0.6051142952293681,
        -0.024137365008335267,
        0.9315967900582992,
        0.3616415762666899,
        -0.059004740365337,
        0,
        0,
        0,
        1
      ],
      "fov": 75,
      "aspect": 1
    },
    {
      "camera_to_world": [
        -0.870387639925407,
        -0.20503786562165072,
        0.44777828095958344,
        0.5634055209419171,
        0.49170812564110794,
        -0.3149509556071971,
        0.8120128079263497,
        0.5993590435327796,
        -0.025465181004430817,
        0.9266959421641121,
        0.37433916554969987,
        -0.05285654876275665,
        0,
        0,
        0,
        1
      ],
      "fov": 75,
      "aspect": 1
    },
    {
      "camera_to_world": [
        -0.8636361376100018,
        -0.2163342632869577,
        0.4553645485959331,
        0.5669089056027832,
        0.5034238941967766,
        -0.3228056784495456,
        0.8015147635171875,
        0.593425167151215,
        -0.02640084403633877,
        0.9214097788111529,
        0.3875786523352507,
        -0.04643370055771928,
        0,
        0,
        0,
        1
      ],
      "fov": 75,
      "aspect": 1
    },
    {
      "camera_to_world": [
        -0.8567584293325239,
        -0.2277251191107913,
        0.4626138774813593,
        0.570268989801523,
        0.5150145051044067,
        -0.33095575950315964,
        0.7905651292904213,
        0.5873448184933214,
        -0.026926813768615797,
        0.9157562750959791,
        0.4012420425524741,
        -0.039783008822895996,
        0,
        0,
        0,
        1
      ],
      "fov": 75,
      "aspect": 1
    },
    {
      "camera_to_world": [
        -0.8497639598762774,
        -0.23916647762613905,
        0.4695373334653417,
        0.5735066153689031,
        0.5264698534378194,
        -0.3393221060451487,
        0.7791892764350545,
        0.5811501499677462,
        -0.027031572587425147,
        0.9097581570554838,
        0.41520930140216317,
        -0.03295128663095778,
        0,
        0,
        0,
        1
      ],
      "fov": 75,
      "aspect": 1
    },
    {
      "camera_to_world": [
        -0.8426640649900538,
        -0.2506142714025677,
        0.4761478543413978,
        0.5766426241356901,
        0.5377767685851265,
        -0.3478259773684132,
        0.7674203582002813,
        0.5748733139831362,
        -0.026709937187822982,
        0.9034431783112142,
        0.42935907423255276,
        -0.02598534705457572,
        0,
        0,
        0,
        1
      ],
      "fov": 75,
      "aspect": 1
    },
    {
      "camera_to_world": [
        -0.8354716696516938,
        -0.2620247351241171,
        0.4824609088243617,
        0.5796978579326509,
        0.5489198454564072,
        -0.35638940013323883,
        0.7552996130776021,
        0.568546462948139,
        -0.02596329088396325,
        0.896844263880751,
        0.4435695728306842,
        -0.01893200316642081,
        0,
        0,
        0,
        1
      ],
      "fov": 75,
      "aspect": 1
    },
    {
      "camera_to_world": [
        -0.8282009176672618,
        -0.2733548310740034,
        0.48849505957079103,
        0.5826931585905517,
        0.559882321878471,
        -0.36493560141582554,
        0.7428764104761572,
        0.5622017492714014,
        -0.024799710140999822,
        0.8899995186222142,
        0.45771958176703503,
        -0.011838068039164165,
        0,
        0,
        0,
        1
      ],
      "fov": 75,
      "aspect": 1
    },
    {
      "camera_to_world": [
        -0.8208667467928895,
        -0.284562668598243,
        0.4942724093261259,
        0.5856493679401594,
        0.5706469721254575,
        -0.3733894379461083,
        0.730208033880446,
        0.5558713253615709,
        -0.023233966809516848,
        0.882952102478122,
        0.4716895299192045,
        -0.0047503547454767064,
        0,
        0,
        0,
        1
      ],
      "fov": 75,
      "aspect": 1
    },
    {
      "camera_to_world": [
        -0.8134844273775641,
        -0.29560789988842473,
        0.4998189127916589,
        0.5885873278122408,
        0.5811969830793955,
        -0.38167779958461345,
        0.7173592084336378,
        0.5495873436272942,
        -0.021287397060363176,
        0.8757499796333442,
        0.48536256601764066,
        0.002284323641970454,
        0,
        0,
        0,
        1
      ],
      "fov": 75,
      "aspect": 1
    },
    {
      "camera_to_world": [
        -0.8060690854590408,
        -0.30645207512486144,
        0.5051645418724602,
        0.5915278800375621,
        0.5915167783389809,
        -0.3897299658524905,
        0.7044013925309152,
        0.5433819564772187,
        -0.018987638365490674,
        0.8684455534852388,
        0.49862557479063874,
        0.009219154050506287,
        0,
        0,
        0,
        1
      ],
      "fov": 75,
      "aspect": 1
    },
    {
      "camera_to_world": [
        -0.798635232972175,
        -0.3170589416077048,
        0.5103432981247903,
        0.59449186644689,
        0.6015927569146193,
        -0.39747789624065916,
        0.6914118650081207,
        0.5372873163199916,
        -0.01636824619033803,
        0.8610952035325139,
        0.5113700724378613,
        0.01600732340745977,
        0,
        0,
        0,
        1
      ],
      "fov": 75,
      "aspect": 1
    },
    {
      "camera_to_world": [
        -0.7911963280582645,
        -0.32739467384720305,
        0.5153930728339164,
        0.5975001288709914,
        0.6114139168741262,
        -0.40485643792778986,
        0.6784726495667763,
        0.5313355755642601,
        -0.013468211453576056,
        0.8537587435598568,
        0.523492926661528,
        0.022602018640159816,
        0,
        0,
        0,
        1
      ],
      "fov": 75,
      "aspect": 1
    },
    {
      "camera_to_world": [
        -0.7837643873731276,
        -0.33742802449039927,
        0.5203553615037202,
        0.6005735091406325,
        0.6209723400488842,
        -0.4118034381979687,
        0.665669325081999,
        0.5255588866186713,
        -0.010331407447135073,
        0.846498822548997,
        0.5348968567856877,
        0.028956426675935412,
        0,
        0,
        0,
        1
      ],
      "fov": 75,
      "aspect": 1
    },
    {
      "camera_to_world": [
        -0.7763496699316974,
        -0.34713038919123396,
        0.5252748449264898,
        0.6037328490865803,
        0.6302635210439607,
        -0.4182597529807512,
        0.6530897736380489,
        0.5199894018918723,
        -0.007006000157981197,
        0.8393802904145554,
        0.5454906826489835,
        0.03502373444211551,
        0,
        0,
        0,
        1
      ],
      "fov": 75,
      "aspect": 1
    },
    {
      "camera_to_world": [
        -0.7689604486999663,
        -0.3564757818283793,
        0.530198852833855,
        0.6069989905396014,
        0.639286531535451,
        -0.4241691472338183,
        0.640822917211683,
        0.5146592737925103,
        -0.003543858422606666,
        0.8324695498964398,
        0.5551893057597312,
        0.04075712886602914,
        0,
        0,
        0,
        1
      ],
      "fov": 75,
      "aspect": 1
    }
  ],
  "fps": 10,
  "seconds": 5
}