{"keyframes": [], "render_height": 720, "render_width": 1280, "camera_path": [{"camera_to_world": [0.42693599492361145, -0.2335212475600636, 0.8736094568951149, 0.5591163096709275, 0.904281845576138, 0.11025171703998835, -0.4124547280019327, -0.2639739801425407, -8.326672684688674e-17, 0.9660809416543348, 0.2582394512313604, 0.16527509843710225, 0, 0, 0, 1], "fov": 75, "aspect": 1}, {"camera_to_world": [0.4306065513226966, -0.23294649819329583, 0.871903754394207, 0.5577727660870201, 0.9025397486634902, 0.1111332174416496, -0.41599177394183684, -0.2661175402119892, 6.357491869934731e-06, 0.9661186971384768, 0.2583305771410153, 0.16525879129504714, 0, 0, 0, 1], "fov": 75, "aspect": 1}, {"camera_to_world": [0.4342651552812074, -0.23237672383565414, 0.870188474929794, 0.5564445314973131, 0.9007850879897202, 0.11201422495277268, -0.4195183145354924, -0.26826219688220787, 1.2803940081116035e-05, 0.9661541655593261, 0.25841130367818427, 0.1652418538643804, 0, 0, 0, 1], "fov": 75, "aspect": 1}, {"camera_to_world": [0.4379118399174736, -0.2318116543593254, 0.8684635822907535, 0.5551308001652699, 0.8990179197808735, 0.11289475612487512, -0.4230343675327209, -0.2704078924373667, 1.9312266814243155e-05, 0.9661874201948074, 0.25848197252594285, 0.1652243193181868, 0, 0, 0, 1], "fov": 75, "aspect": 1}, {"camera_to_world": [0.4415466577667737, -0.23125101914738344, 0.8667290295829195, 0.5538307663543535, 0.8972382896123233, 0.11377482774901562, -0.42653996778270226, -0.2725545691616357, 2.5856220259226068e-05, 0.9662185336216536, 0.2585429271169145, 0.16520622082955116, 0, 0, 0, 1], "fov": 75, "aspect": 1}, {"camera_to_world": [0.4451696804684854, -0.2306945471098336, 0.8649847590236047, 0.552543624328027, 0.8954462320771439, 0.11465445685303727, -0.43003516697543703, -0.2747021693391849, 3.241037134252942e-05, 0.9662475777240137, 0.2585945123572509, 0.16518759157155832, 0, 0, 0, 1], "fov": 75, "aspect": 1}, {"camera_to_world": [0.4487809984411119, -0.23014196669892098, 0.8632307017429565, 0.5512685683497535, 0.8936417704657094, 0.11553366069881739, -0.4335200333729665, -0.27685063525418413, 3.8950110190198706e-05, 0.9662746237015041, 0.25863707435838534, 0.16516846471729316, 0, 0, 0, 1], "fov": 75, "aspect": 1}, {"camera_to_world": [0.4523807205462972, -0.2295930059237089, 0.8614667775917729, 0.5500047926829962, 0.8918249164562299, 0.11641245677951856, -0.43699465153120537, -0.27899990919080353, 4.545164237003649e-05, 0.9662997420766875, 0.25867096017676083, 0.1651488734398404, 0, 0, 0, 1], "fov": 75, "aspect": 1}, {"camera_to_world": [0.4559689737429142, -0.22904739236393662, 0.8596928949553938, 0.5487514915912182, 0.8899956698159017, 0.11729086281683661, -0.4404591220132242, -0.2811499334332131, 5.1891984956417725e-05, 0.966323002701976, 0.258696517561706, 0.16512885091228488, 0, 0, 0, 1], "fov": 75, "aspect": 1}, {"camera_to_world": [0.459545902732282, -0.2285048531831648, 0.8579089505732519, 0.5475078593378828, 0.8881540181123037, 0.11816889675824047, -0.44391356109479174, -0.2833006502655827, 5.824896246176176e-05, 0.9663444747659505, 0.2587140947115989, 0.16510843030771147, 0, 0, 0, 1], "fov": 75, "aspect": 1}, {"camera_to_world": [0.4631116695955316, -0.22796511514121617, 0.856114829363656, 0.5462730901864528, 0.8862999364346328, 0.11904657677419915, -0.44735810046296104, -0.2854520019720825, 6.45012026773278e-05, 0.9663642267990867, 0.25872404003843485, 0.165087644799205, 0, 0, 0, 1], "fov": 75, "aspect": 1}, {"camera_to_world": [0.466666453424106, -0.22742790460591955, 0.8543104042533575, 0.5450463784003916, 0.8844333871243405, 0.11992392125539084, -0.4507928869084566, -0.28760393083688235, 7.062813246692041e-05, 0.9663823266788832, 0.25872670194087927, 0.16506652755985032, 0, 0, 0, 1], "fov": 75, "aspect": 1}, {"camera_to_world": [0.4702104499443422, -0.22689294756416556, 0.8524955360114402, 0.5438269182431622, 0.8825543195146978, 0.12080094880988929, -0.45421808201259267, -0.28975637914415225, 7.660997355650708e-05, 0.9663988416343819, 0.2587224285858668, 0.16504511176273218, 0, 0, 0, 1], "fov": 75, "aspect": 1}, {"camera_to_world": [0.47374387113704103, -0.22635996963228144, 0.8506700730870551, 0.5426139039782278, 0.8806626696787817, 0.12167767826032294, -0.45763386182941634, -0.29190928917806225, 8.242773836150982e-05, 0.966413838250079, 0.25871156769877707, 0.16502343058093544, 0, 0, 0, 1], "fov": 75, "aspect": 1}, {"camera_to_world": [0.47726694485289145, -0.22582869606573358, 0.848833851450512, 0.5414065298690515, 0.8787583601853555, 0.12255412864100139, -0.46104041656374295, -0.2940626032227824, 8.806322589485542e-05, 0.9664273824692134, 0.2586944663621943, 0.16500151718754494, 0, 0, 0, 1], "fov": 75, "aspect": 1}, {"camera_to_world": [0.4807799144245693, -0.22529885176816475, 0.8469866944372305, 0.5402039901790964, 0.8768412998620887, 0.1234303191950044, -0.4644379502457123, -0.29621626356248243, 9.349901779633234e-05, 0.9664395395964334, 0.25867147082323294, 0.16497940475564546, 0, 0, 0, 1], "fov": 75, "aspect": 1}, {"camera_to_world": [0.4842830382762877, -0.22477016129977465, 0.8451284125940415, 0.5390054791718256, 0.8749113835655302, 0.12430626937122898, -0.4678266804024656, -0.2983702124813326, 9.871847452467486e-05, 0.9664503742998297, 0.25864292630939056, 0.16495712645832186, 0, 0, 0, 1], "fov": 75, "aspect": 1}, {"camera_to_world": [0.4877765895315305, -0.22424234888505146, 0.8432588035273226, 0.5378101911107024, 0.872968491957247, 0.12518199882138892, -0.4712068377275012, -0.3005243922635028, 0.00010370573175301912, 0.9664599506123349, 0.25860917685286516, 0.16493471546865898, 0, 0, 0, 1], "fov": 75, "aspect": 1}, {"camera_to_world": [0.491260855619653, -0.22371513841986218, 0.8413776517524474, 0.5366173202591898, 0.8710124912855023, 0.12605752739696235, -0.4745786657482376, -0.30267874519316307, 0.00010844569700735995, 0.9664683319324778, 0.25857056512325577, 0.16491220495974163, 0, 0, 0, 1], "fov": 75, "aspect": 1}, {"camera_to_world": [0.49473613788198384, -0.22318825347790966, 0.8394847285440197, 0.5354260608807508, 0.8690432331718475, 0.1269328751460821, -0.47794242049226815, -0.30483321355448334, 0.00011292404658683212, 0.9664755810244919, 0.2585274322685418, 0.16488962810465463, 0, 0, 0, 1], "fov": 75, "aspect": 1}, {"camera_to_world": [0.49820275117802026, -0.22266141731656444, 0.8375797917863627, 0.5342356072388489, 0.8670605544019778, 0.12780806231036373, -0.48129837015276344, -0.3069877396316336, 0.00011712722280562678, 0.9664817600177713, 0.2584801177642234, 0.16486701807648277, 0, 0, 0, 1], "fov": 75, "aspect": 1}, {"camera_to_world": [0.5016610234922495, -0.22213435288207894, 0.8356625858237303, 0.5330451535969467, 0.8650642767201976, 0.12868310932166657, -0.4846467947534281, -0.3091422657087839, 0.0001210424315924573, 0.9664869304056667, 0.25842895927048304, 0.16484440804831094, 0, 0, 0, 1], "fov": 75, "aspect": 1}, {"camera_to_world": [0.505111295542094, -0.22160678281419338, 0.8337328413097038, 0.5318538942185079, 0.8630542066268259, 0.12955803679878258, -0.48798798581339325, -0.3112967340701041, 0.00012465764048729853, 0.9664911530436211, 0.25837429249721394, 0.16482183119322394, 0, 0, 0, 1], "fov": 75, "aspect": 1}, {"camera_to_world": [0.5085539203874155, -0.22107842945013914, 0.8317902750552391, 0.5306610233669952, 0.8610301351778724, 0.13043286554404765, -0.4913222460123753, -0.3134510869997643, 0.0001279615770696123, 0.9664944881466361, 0.2583164510767452, 0.16479932068430656, 0, 0, 0, 1], "fov": 75, "aspect": 1}, {"camera_to_world": [0.5119892630419708, -0.22054901482805073, 0.8298345898748307, 0.5294657353058719, 0.8589918377862971, 0.13130761653987072, -0.49464988885640293, -0.3156052667819346, 0.00013094372785607588, 0.9664969952860664, 0.2582557664440807, 0.16477690969464365, 0, 0, 0, 1], "fov": 75, "aspect": 1}, {"camera_to_world": [0.5154177000871626, -0.22001826068979163, 0.8278654744302555, 0.5282672242986012, 0.8569390740241764, 0.13218231094517524, -0.4979712383443673, -0.3177592157007848, 0.00013359433770144304, 0.966498733385736, 0.25819256772445104, 0.16475463139732008, 0, 0, 0, 1], "fov": 75, "aspect": 1}, {"camera_to_world": [0.5188396192883775, -0.21948588848320535, 0.825882603071367, 0.5270646846086461, 0.8548715874250837, 0.13305697009174827, -0.5012866286356176, -0.31991287604048485, 0.00013590440973860812, 0.9664997607173741, 0.25812718162797055, 0.1647325189654206, 0, 0, 0, 1], "fov": 75, "aspect": 1}, {"camera_to_world": [0.5222554192141533, -0.21895161936379806, 0.8238856356734104, 0.5258573104994698, 0.8527891052859999, 0.1339316154804913, -0.5045964037187805, -0.322066190085205, 0.00013786570589125136, 0.9665001348953639, 0.2580599323511759, 0.1647106055720301, 0, 0, 0, 1], "fov": 75, "aspect": 1}, {"camera_to_world": [0.5256655088583713, -0.21841517419586215, 0.821874217470334, 0.5246442962345353, 0.8506913384680604, 0.13480626877756804, -0.5079009170819474, -0.324219100119115, 0.00013947074799293172, 0.9664999128707986, 0.2579911414852131, 0.16468892439023336, 0, 0, 0, 1], "fov": 75, "aspect": 1}, {"camera_to_world": [0.5290703072656197, -0.21787627355305, 0.8198479788835713, 0.5234248360773059, 0.8485779811954617, 0.13568095181044432, -0.5112005313843273, -0.3263715484263848, 0.0001407128195453301, 0.9664991509248462, 0.2579211279304291, 0.16466750859311524, 0, 0, 0, 1], "fov": 75, "aspect": 1}, {"camera_to_world": [0.5324702431598238, -0.21733463771840672, 0.8178065353457885, 0.5221981242912448, 0.8464487108518339, 0.13655568656381376, -0.5144956181294331, -0.32852347729118475, 0.00014158596814850712, 0.9664979046614092, 0.25785020781711615, 0.16464639135376052, 0, 0, 0, 1], "fov": 75, "aspect": 1}, {"camera_to_world": [0.5358657545761947, -0.2167899866838703, 0.8157494871190735, 0.5209633551398148, 0.8443031877734065, 0.13743049517540487, -0.5177865573398232, -0.33067482899768447, 0.00014208500863523084, 0.9664962289990842, 0.25777869443214774, 0.16462560584525404, 0, 0, 0, 1], "fov": 75, "aspect": 1}, {"camera_to_world": [0.5392572884964923, -0.21624204014924975, 0.8136764191070717, 0.5197197228864794, 0.8421410550382868, 0.13830539993166374, -0.5210737372333812, -0.33282554583005414, 0.00014220552694053083, 0.9664941781624103, 0.25770689815123365, 0.16460518524068066, 0, 0, 0, 1], "fov": 75, "aspect": 1}, {"camera_to_world": [0.5426453004875642, -0.21569051752068985, 0.8115869006605673, 0.5184664217947014, 0.8399619382511895, 0.13918042326330654, -0.5243575539010844, -0.33497557007246365, 0.000141943884738501, 0.9664918056724039, 0.2576351263765209, 0.16458516271312518, 0, 0, 0, 1], "fov": 75, "aspect": 1}, {"camera_to_world": [0.546030254343057, -0.2151351379086331, 0.8094804853760194, 0.5172026461279441, 0.8377654453229442, 0.14005558774073734, -0.5276384109861633, -0.3371248440090831, 0.000141297224876639, 0.9664891643363779, 0.25756368347925346, 0.1645655714356724, 0, 0, 0, 1], "fov": 75, "aspect": 1}, {"camera_to_world": [0.5494126217281671, -0.21457562012528786, 0.8073567108865689, 0.5159275901496708, 0.8355511662441377, 0.1409309160693247, -0.5309167193645218, -0.33927330992408233, 0.00014026347763841762, 0.9664863062370357, 0.25749287074720106, 0.16454644458140721, 0, 0, 0, 1], "fov": 75, "aspect": 1}, {"camera_to_world": [0.5527928818272357, -0.21401168268161472, 0.8052150986450457, 0.5146404481233442, 0.8333186728522376, 0.14180643108453228, -0.5341928968262458, -0.3414209101016315, 0.00013884136786436569, 0.9664832827208403, 0.25742298633656063, 0.16452781532341437, 0, 0, 0, 1], "fov": 75, "aspect": 1}, {"camera_to_world": [0.5561715209939583, -0.21344304378383938, 0.8030551536985016, 0.5133404143124277, 0.8310675185915584, 0.14268215574689672, -0.5374673677579906, -0.3435675868259005, 0.00013703042296276026, 0.9664801443856508, 0.2573543252280263, 0.16450971683477875, 0, 0, 0, 1], "fov": 75, "aspect": 1}, {"camera_to_world": [0.5595490324039218, -0.21286942132950532, 0.8008763644538196, 0.5120266829803845, 0.8287972382654524, 0.14355811313684871, -0.5407405628259933, -0.3457132823810593, 0.00013483098183796657, 0.9664769410676228, 0.25728717918672206, 0.16449218228858514, 0, 0, 0, 1], "fov": 75, "aspect": 1}, {"camera_to_world": [0.5629259157091456, -0.21229053290307562, 0.798678202433947, 0.5106984483906776, 0.8265073477800969, 0.14443432644936977, -0.5440129186594251, -0.347857939051278, 0.00013224420476885357, 0.9664737218273681, 0.2572218367256812, 0.16447524485791837, 0, 0, 0, 1], "fov": 75, "aspect": 1}, {"camera_to_world": [0.5663026766942432, -0.2117060957710967, 0.7964601220243145, 0.50935490480677, 0.8241973438792822, 0.1453108189884801, -0.5472848775337478, -0.35000149912072653, 0.00012927208426457055, 0.9664705349353682, 0.25715858307255607, 0.16445893771586328, 0, 0, 0, 1], "fov": 75, "aspect": 1}, {"camera_to_world": [0.5696798269337887, -0.21111582687693517, 0.7942215602090171, 0.5079952464921252, 0.8218667038696011, 0.14618761416155124, -0.5505568870537095, -0.35214390487357483, 0.00012591745692958715, 0.9664674278566358, 0.2570977001392342, 0.1644432940355047, 0, 0, 0, 1], "fov": 75, "aspect": 1}, {"camera_to_world": [0.5730578834504146, -0.21051944283509996, 0.7919619362963358, 0.506618667710206, 0.8195148853354631, 0.1470647354734373, -0.5538293998355648, -0.3542850985939929, 0.00012218401636669186, 0.9664644472346238, 0.25703946649403236, 0.16442834698992742, 0, 0, 0, 1], "fov": 75, "aspect": 1}, {"camera_to_world": [0.5764373683731201, -0.2099166599251636, 0.7896806516332, 0.5052243627244758, 0.8171413258433653, 0.14794220652041895, -0.557102873188068, -0.3564250225661508, 0.00011807632714869835, 0.9664616388743699, 0.2569841573361361, 0.16441412975221634, 0, 0, 0, 1], "fov": 75, "aspect": 1}, {"camera_to_world": [0.579818808595228, -0.20930719408529347, 0.7873770893081972, 0.5038115257983974, 0.814745442634868, 0.14882005098395432, -0.5603777687917465, -0.35856361907421846, 0.0001135998398876297, 0.9664590477248763, 0.256932044471948, 0.16440067549545623, 0, 0, 0, 1], "fov": 75, "aspect": 1}, {"camera_to_world": [0.5832027354313726, -0.20869076090540895, 0.7850506138427489, 0.5023793511954342, 0.8123266323077373, 0.14969829262423, -0.5636545523759183, -0.36070083040236595, 0.00010876090743387764, 0.9664567178607182, 0.2568833962929996, 0.16438801739273187, 0, 0, 0, 1], "fov": 75, "aspect": 1}, {"camera_to_world": [0.5865896842728543, -0.20806707561997675, 0.7827005708700928, 0.5009270331790492, 0.8098842704847344, 0.15057695527350623, -0.566933693392872, -0.36283659883476316, 0.00010356680223376693, 0.9664546924628755, 0.2568384777550819, 0.1643761886171282, 0, 0, 0, 1], "fov": 75, "aspect": 1}, {"camera_to_world": [0.5899801942406465, -0.20743585310045903, 0.7803262868017179, 0.4994537660127055, 0.8074177114695493, 0.15145606282924995, -0.5702156646885891, -0.3649708666555801, 9.802573487706634e-05, 0.9664530137987811, 0.25679755035824126, 0.16436522234172993, 0, 0, 0, 1], "fov": 75, "aspect": 1}, {"camera_to_world": [0.5933748078352872, -0.20679680784743018, 0.7779270684809205, 0.4979587439598664, 0.8049262878893878, 0.15233563924704893, -0.5735009421693386, -0.36710357614898687, 9.214687386621704e-05, 0.9664517232015815, 0.25676087212728166, 0.16435515173962195, 0, 0, 0, 1], "fov": 75, "aspect": 1}, {"camera_to_world": [0.5967740705828404, -0.20614965398237617, 0.7755022028231636, 0.49644116128399485, 0.8024093103237526, 0.15321570853330074, -0.5767900044634315, -0.3692346695991533, 8.594036663757813e-05, 0.9664508610486024, 0.2567286975924104, 0.16434600998388904, 0, 0, 0, 1], "fov": 75, "aspect": 1}, {"camera_to_world": [0.6001785306760514, -0.2054941052391937, 0.7730509564429459, 0.494900212248554, 0.7998660669189678, 0.15409629473766986, -0.5800833325773741, -0.37136408929024955, 7.941736186658768e-05, 0.9664504667390171, 0.25670127776965684, 0.1643378302476161, 0, 0, 0, 1], "fov": 75, "aspect": 1}, {"camera_to_world": [0.603588738609773, -0.20482987495540492, 0.7705725752668944, 0.49333509111700713, 0.7972958229880236, 0.15497742194530567, -0.58338140954561, -0.37349177750644547, 7.259003309017845e-05, 0.9664505786707047, 0.25667886014068947, 0.16433064570388792, 0, 0, 0, 1], "fov": 75, "aspect": 1}, {"camera_to_world": [0.6070052468096784, -0.20415667606310428, 0.7680662841328345, 0.4917449921528172, 0.7946978205953446, 0.15585911426881513, -0.5866847200729977, -0.375617676531911, 6.547160367727562e-05, 0.9664512342162975, 0.25666168863164673, 0.1643244895257893, 0, 0, 0, 1], "fov": 75, "aspect": 1}, {"camera_to_world": [0.6104286092532176, -0.20347422107965737, 0.7655312863745956, 0.4901291096194475, 0.7920712781261023, 0.15674139583998328, -0.5899937501691066, -0.37774172865081634, 5.807637318121038e-05, 0.9664524696984121, 0.2566500035905921, 0.16431939488640507, 0, 0, 0, 1], "fov": 75, "aspect": 1}, {"camera_to_world": [0.6138593810817248, -0.20278222209816613, 0.7629667633923481, 0.488486637780361, 0.7894153898397288, 0.1576242908012331, -0.5933089867733805, -0.3798638761473314, 5.0419745107605735e-05, 0.9664543203640501, 0.25664404176319644, 0.16431539495882008, 0, 0, 0, 1], "fov": 75, "aspect": 1}, {"camera_to_world": [0.6172981182025051, -0.20208039077772408, 0.7603718742082929, 0.48681677089902087, 0.786729325407312, 0.15850782329681992, -0.5966309173701446, -0.381984061305626, 4.2518256130852925e-05, 0.9664568203581714, 0.256644036266241, 0.16431252291611914, 0, 0, 0, 1], "fov": 75, "aspect": 1}, {"camera_to_world": [0.6207453768796836, -0.20136843833347629, 0.7577457550075477, 0.4851187032388903, 0.7840122294325865, 0.15939201746375006, -0.5999600295923917, -0.3841022264098704, 3.4389606793754924e-05, 0.9664600026964244, 0.2566502165585252, 0.16431081193138705, 0, 0, 0, 1], "fov": 75, "aspect": 1}, {"camera_to_world": [0.6242017133125208, -0.20064607552650923, 0.755087518664117, 0.48339162906343236, 0.7812632209562732, 0.16027689742241977, -0.6032968108132152, -0.38621831374423443, 2.6052693724544336e-05, 0.9664638992370348, 0.25666280840875716, 0.16431029517770868, 0, 0, 0, 1], "fov": 75, "aspect": 1}, {"camera_to_world": [0.6276676831998388, -0.19991301265358719, 0.7523962542518584, 0.48163474263611034, 0.778481392943549, 0.16116248726696347, -0.6066417477237054, -0.38833226559288814, 1.7527643406774975e-05, 0.9664685406518374, 0.2566820338599899, 0.16431100582816882, 0, 0, 0, 1], "fov": 75, "aspect": 1}, {"camera_to_world": [0.6311438412891253, -0.19916895953675934, 0.7496710265404036, 0.479847238220387, 0.7756658117544795, 0.16204881105530652, -0.6099953258960575, -0.39044402424000146, 8.835847535788808e-06, 0.9664739563964494, 0.2567081111901608, 0.16431297705585238, 0, 0, 0, 1], "fov": 75, "aspect": 1}, {"camera_to_world": [0.6346307409088171, -0.1984136255128604, 0.7469108754760291, 0.47802831007972596, 0.7728155165972833, 0.16293589279891266, -0.6133580293305823, -0.3925535319697445, -8.326672684688674e-17, 0.9664801746795759, 0.25674125486827465, 0.164316242033844, 0, 0, 0, 1], "fov": 75, "aspect": 1}, {"camera_to_world": [0.6381274684066262, -0.1976502805981951, 0.7441167047016176, 0.47618550934507814, 0.7699307332373642, 0.1638261654764837, -0.6167294926541258, -0.39466611316755473, -9.029122009465391e-06, 0.9664860858205494, 0.25677823637253655, 0.16432109977267298, 0, 0, 0, 1], "fov": 75, "aspect": 1}, {"camera_to_world": [0.6416322108028176, -0.19688233961422374, 0.7412901830405335, 0.4743269131042253, 0.7670124547398697, 0.1647218618325855, -0.6201085277208475, -0.3967868055894008, -1.82813563688805e-05, 0.9664905858736732, 0.2568156505659564, 0.1643277862795367, 0, 0, 0, 1], "fov": 75, "aspect": 1}, {"camera_to_world": [0.6451441764458663, -0.19610972881115168, 0.7384314835974316, 0.47245250455587634, 0.7640608554496319, 0.16562270556696224, -0.6234943877187608, -0.39891512157524933, -2.7704898826048777e-05, 0.966493711136444, 0.25685344559749157, 0.16433624022252274, 0, 0, 0, 1], "fov": 75, "aspect": 1}, {"camera_to_world": [0.6486625810758201, -0.19533237454028676, 0.7355407851429606, 0.47056226689874014, 0.7610761161175318, 0.16652842049248895, -0.6268863324564191, -0.40105057346506673, -3.724927296118634e-05, 0.966495498502052, 0.25689157162238174, 0.16434640026971847, 0, 0, 0, 1], "fov": 75, "aspect": 1}, {"camera_to_world": [0.6521866481167379, -0.194550203253701, 0.7326182719808265, 0.46865618333152537, 0.7580584237523454, 0.16743873054210792, -0.6302836286240602, -0.40319267359881966, -4.686537767737841e-05, 0.9664959854693609, 0.25692998082807644, 0.16435820508921137, 0, 0, 0, 1], "fov": 75, "aspect": 1}, {"camera_to_world": [0.6557156089627724, -0.19376314150361718, 0.729664133804848, 0.466734237052941, 0.7550079714610338, 0.16835335977566024, -0.633685550049182, -0.4053409343164746, -5.650553330534111e-05, 0.9664952101520713, 0.2569686274580742, 0.16437159334908888, 0, 0, 0, 1], "fov": 75, "aspect": 1}, {"camera_to_world": [0.6592487032575025, -0.19297111594152372, 0.7266785655462269, 0.4647964112616957, 0.7519249582777398, 0.1692720323866026, -0.6370913779462101, -0.40749486795799794, -6.61235263066286e-05, 0.9664932112870696, 0.2570074678336748, 0.16438650371743851, 0, 0, 0, 1], "fov": 75, "aspect": 1}, {"camera_to_world": [0.6627851791661432, -0.19217405331701873, 0.723661767211272, 0.46284268915649834, 0.748809588981772, 0.17019447270859833, -0.6405004011599336, -0.4096539868633564, -7.567465256083064e-05, 0.9664900282419627, 0.25704646037365136, 0.16440287486234764, 0, 0, 0, 1], "fov": 75, "aspect": 1}, {"camera_to_world": [0.6663242936402558, -0.1913718804763856, 0.7206139437098317, 0.4608730539360579, 0.7456620739048767, 0.17112040522197172, -0.6439119164023899, -0.41181780337251633, -8.511575922568274e-05, 0.9664857010218, 0.2570855656118507, 0.1644206454519038, 0, 0, 0, 1], "fov": 75, "aspect": 1}, {"camera_to_world": [0.6698653126746071, -0.19056452436090396, 0.7175353046746962, 0.4588874887990828, 0.7424826287281023, 0.17204955456001514, -0.6473252284828926, -0.4139858298254444, -9.440528515747485e-05, 0.9664802702749822, 0.2571247462127319, 0.16443975415419443, 0, 0, 0, 1], "fov": 75, "aspect": 1}, {"camera_to_world": [0.6734075115558337, -0.18975191200489572, 0.7144260642722431, 0.4568859769442823, 0.7392714742685847, 0.17298164551513737, -0.6507396505309038, -0.41615757856210706, -0.00010350329988525782, 0.9664737772983609, 0.2571639669848596, 0.164460139637307, 0, 0, 0, 1], "fov": 75, "aspect": 1}, {"camera_to_world": [0.6769501751025807, -0.18893397053351074, 0.7112864410046118, 0.454868501570365, 0.7360288362565843, 0.17391640304484154, -0.6541545042114683, -0.41833256192247076, -0.00011237154112938202, 0.9664662640415269, 0.25720319489236765, 0.1644817405693289, 0, 0, 0, 1], "fov": 75, "aspect": 1}, {"camera_to_world": [0.6804925978968002, -0.1881106271602544, 0.7081166575036999, 0.45283504587603973, 0.7327549451031279, 0.17485355227752195, -0.6575691199329337, -0.4205102922465021, -0.000120973450861001, 0.9664577731102937, 0.25724239906441393, 0.16450449561834768, 0, 0, 0, 1], "fov": 75, "aspect": 1}, {"camera_to_world": [0.6840340845059122, -0.18728180918425874, 0.7049169403172828, 0.45078559306001525, 0.729450035658603, 0.17579281851806755, -0.6609828370467, -0.42269028187416763, -0.00012927420989822195, 0.9664483477693696, 0.25728155080264903, 0.16452834345245074, 0, 0, 0, 1], "fov": 75, "aspect": 1}, {"camera_to_world": [0.6875739496955421, -0.18644744398730148, 0.7016875196875677, 0.44872012632100056, 0.7261143469626825, 0.17673392725326084, -0.6643950040387481, -0.4248720431454338, -0.0001372407710380311, 0.9664380319442325, 0.257320623586725, 0.1645532227397255, 0, 0, 0, 1], "fov": 75, "aspect": 1}, {"camera_to_world": [0.6911115186325715, -0.18560745903057477, 0.6984286293224964, 0.44663862885770433, 0.7227481219859431, 0.17767660415695968, -0.6678049787127165, -0.4270550884002672, -0.0001448418907236278, 0.9664268702221938, 0.25735959307787126, 0.16457907214825954, 0, 0, 0, 1], "fov": 75, "aspect": 1}, {"camera_to_world": [0.6946461270782495, -0.184761781851207, 0.6951405061601197, 0.44454108386883534, 0.7193516073635656, 0.17862057509505128, -0.671212128364305, -0.42923892997863433, -0.0001520481592515639, 0.9664149078526677, 0.25739843712057053, 0.1646058303461402, 0, 0, 0, 1], "fov": 75, "aspect": 1}, {"camera_to_world": [0.6981771215711369, -0.18391034005854157, 0.6918233901263743, 0.4424274745531026, 0.7159250531215039, 0.17956556613016558, -0.6746158299468047, -0.43142308022050163, -0.00015883202952138092, 0.9664021907466398, 0.2574371357423678, 0.16463343600145502, 0, 0, 0, 1], "fov": 75, "aspect": 1}, {"camera_to_world": [0.7017038595996662, -0.18305306133017468, 0.6884775238865863, 0.4402977841092147, 0.7124687123955095, 0.18051130352613695, -0.6780154702275607, -0.4336070514658358, -0.0001651678443356878, 0.9663887654753371, 0.2574756711518479, 0.1646618277822914, 0, 0, 0, 1], "fov": 75, "aspect": 1}, {"camera_to_world": [0.7052257097641238, -0.18218987340775697, 0.6851031525910444, 0.4381519957358807, 0.7089828411434158, 0.1814575137522011, -0.6814104459351956, -0.43579035605460326, -0.0001710318622585203, 0.9663746792681064, 0.25751402773482085, 0.16469094435673687, 0, 0, 0, 1], "fov": 75, "aspect": 1}, {"camera_to_world": [0.7087420519278791, -0.1813207040925618, 0.6817005236149716, 0.4359900926318092, 0.7054676978510741, 0.1824039234869173, -0.6848001638974353, -0.4379725063267705, -0.00017640228204329663, 0.9663599800094975, 0.2575521920487565, 0.16472072439287877, 0, 0, 0, 1], "fov": 75, "aspect": 1}, {"camera_to_world": [0.7122522773576997, -0.18044548124082416, 0.6782698862932415, 0.4338120579957091, 0.7019235432323446, 0.18335025962180224, -0.6881840411693916, -0.4401530146223041, -0.00018125926564277264, 0.9663447162355602, 0.25759015281551123, 0.16475110655880468, 0, 0, 0, 1], "fov": 75, "aspect": 1}, {"camera_to_world": [0.715755788853016, -0.17956413275885402, 0.6748114916501714, 0.43161787502628923, 0.6983506399235411, 0.18429624926466462, -0.691561505152178, -0.4423313932811705, -0.0001855849598155078, 0.966328937129349, 0.25762790091239096, 0.16478202952260199, 0, 0, 0, 1], "fov": 75, "aspect": 1}, {"camera_to_world": [0.7192520008640142, -0.17867658659792876, 0.6713255921247352, 0.4294075269222584, 0.6947492521727323, 0.18524161974262934, -0.6949319937017406, -0.4445071546433363, -0.00018936351634625895, 0.9663126925156472, 0.2576654293616001, 0.16481343195235817, 0, 0, 0, 1], "fov": 75, "aspect": 1}, {"camera_to_world": [0.7227403395984555, -0.177782770748968, 0.6678124412915294, 0.42718099688232547, 0.6911196455242932, 0.1861860986048385, -0.6982949552278149, -0.4466798110487681, -0.0001925811108980847, 0.9662960328549058, 0.25770273331812305, 0.1648452525161607, 0, 0, 0, 1], "fov": 75, "aspect": 1}, {"camera_to_world": [0.72622024311714, -0.1768826132369959, 0.6642722935778311, 0.4249382681051992, 0.6874620864991076, 0.18712941362481886, -0.701649848782922, -0.44884887483743224, -0.00019522596051772326, 0.966279009236402, 0.25773981005609153, 0.164877429882097, 0, 0, 0, 1], "fov": 75, "aspect": 1}, {"camera_to_world": [0.7296911614179517, -0.17597604211539536, 0.6607054039770754, 0.4226793237895884, 0.683776842270804, 0.18807129280250398, -0.7049961441413441, -0.4510138583492953, -0.00019728833981563602, 0.9662616733706225, 0.2577766589536889, 0.16490990271825456, 0, 0, 0, 1], "fov": 75, "aspect": 1}, {"camera_to_world": [0.7331525565084349, -0.17506298545995844, 0.6571120277590837, 0.4204041471342019, 0.6800641803384234, 0.18901146436589955, -0.708333321868024, -0.45317427392432386, -0.00019876059584650067, 0.9662440775808693, 0.25781328147664495, 0.16494260969272082, 0, 0, 0, 1], "fov": 75, "aspect": 1}, {"camera_to_world": [0.7366039024668809, -0.17414337136273872, 0.6534924201773618, 0.4181127213377485, 0.6763243681958867, 0.18994965677238235, -0.7116608733773592, -0.4553296339024844, -0.0001996371617150524, 0.9662262747940947, 0.2578496811603787, 0.16497548947358326, 0, 0, 0, 1], "fov": 75, "aspect": 1}, {"camera_to_world": [0.7400446854919065, -0.17321712792570956, 0.6498468361737907, 0.4158050295989371, 0.6725576729986434, 0.19088559870961996, -0.7149783009818681, -0.4574794506237434, -0.0001999145689362939, 0.9662083185309669, 0.25788586359084453, 0.16500848072892932, 0, 0, 0, 1], "fov": 75, "aspect": 1}, {"camera_to_world": [0.7434744039405377, -0.17228418325423456, 0.6461755300810152, 0.4134810551164765, 0.6687643612278632, 0.19181901909610216, -0.7182851179307232, -0.4596232364280675, -0.00019959145857858577, 0.9661902628951663, 0.2579218363841379, 0.16504152212684645, 0, 0, 0, 1], "fov": 75, "aspect": 1}, {"camera_to_world": [0.7468925683548184, -0.17134446545035478, 0.6424787553228375, 0.41114078108907537, 0.6649446983525276, 0.1927496470812736, -0.7215808484381598, -0.46176050365542315, -0.00019866859122261697, 0.9661721625619197, 0.2579576091649222, 0.1650745523354221, 0, 0, 0, 1], "fov": 75, "aspect": 1}, {"camera_to_world": [0.7502987014769861, -0.17039790260589882, 0.6387567641129115, 0.40878419071544275, 0.6610989484897682, 0.19367721204525642, -0.7248650277017836, -0.4638907646457769, -0.0001971488557677317, 0.9661540727657714, 0.25799319354373396, 0.1651075100227438, 0, 0, 0, 1], "fov": 75, "aspect": 1}, {"camera_to_world": [0.7536923382532672, -0.1694444227954218, 0.6350098071520236, 0.40641126719428733, 0.6572273740637887, 0.19460144359815473, -0.728137201910813, -0.46601353173909515, -0.0001950372771205755, 0.9661360492875942, 0.2580286030932268, 0.1651403338568989, 0, 0, 0, 1], "fov": 75, "aspect": 1}, {"camera_to_world": [0.7570730258263655, -0.16848395406897781, 0.6312381333242383, 0.4040219937243179, 0.6533302354636914, 0.1955220715789295, -0.7313969282443032, -0.46812831727534465, -0.00019234102280263262, 0.9661181484408449, 0.2580638533234148, 0.16517296250597496, 0, 0, 0, 1], "fov": 75, "aspect": 1}, {"camera_to_world": [0.7604403235167241, -0.16751642444473422, 0.6274419893921797, 0.4016163535042433, 0.6494077907005266, 0.19643882605383647, -0.734643774859415, -0.47023463359449175, -0.00018906940851362998, 0.9661004270570644, 0.2580989616559763, 0.1652053346380594, 0, 0, 0, 1], "fov": 75, "aspect": 1}, {"camera_to_world": [0.7637938027926622, -0.1665417619014322, 0.623621619691701, 0.3991943297327724, 0.64546029506386, 0.1973514373144158, -0.7378773208697988, -0.47233199303650303, -0.00018523390268854634, 0.9660829424706249, 0.25813394739767836, 0.16523738892123963, 0, 0, 0, 1], "fov": 75, "aspect": 1}, {"camera_to_world": [0.7671330472294972, -0.165559894370701, 0.6197772658261923, 0.39675590560861407, 0.6414880007781438, 0.1982596358750275, -0.7410971563141788, -0.47441990794134503, -0.0001808481300905144, 0.9660657525027289, 0.2581688317129835, 0.16526906402360314, 0, 0, 0, 1], "fov": 75, "aspect": 1}, {"camera_to_world": [0.7704576524577713, -0.16457074972923252, 0.615909166360761, 0.39430106433047696, 0.6374911566591673, 0.1991631524699218, -0.7443028821152301, -0.4764978906489841, -0.00017592787447872604, 0.9660489154446584, 0.2582036375958993, 0.16530029861323742, 0, 0, 0, 1], "fov": 75, "aspect": 1}, {"camera_to_world": [0.7737672261007215, -0.1635742557908235, 0.6120175565165044, 0.3918297890970699, 0.6334700077708386, 0.20006171804983808, -0.7474941100288534, -0.4785654534993871, -0.00017049108039421035, 0.9660324900402808, 0.2582383898411312, 0.1653310313582299, 0, 0, 0, 1], "fov": 75, "aspect": 1}, {"camera_to_world": [0.7770613877011324, -0.16257034029829162, 0.6081026678650903, 0.38934206310710195, 0.6294247950825443, 0.200955063778124, -0.7506704625839591, -0.4806221088325203, -0.00016455785410810227, 0.9660165354678085, 0.2582731150145995, 0.16536120092666803, 0, 0, 0, 1], "fov": 75, "aspect": 1}, {"camera_to_world": [0.7803397686377299, -0.16155893091527396, 0.6041647280238347, 0.3868378695592817, 0.6253557551273076, 0.20184292102636808, -0.7538315730128845, -0.4826673689883502, -0.0001581504637744817, 0.9660011113208188, 0.25830784142337976, 0.16539074598663933, 0, 0, 0, 1], "fov": 75, "aspect": 1}, {"camera_to_world": [0.7836020120312729, -0.1605399552179147, 0.6002039603514667, 0.384317191652318, 0.6212631196609586, 0.20272502136953824, -0.7569770851725679, -0.48470074630684346, -0.00015129333883526317, 0.9659862775885328, 0.2583425990851251, 0.1654196052062311, 0, 0, 0, 1], "fov": 75, "aspect": 1}, {"camera_to_world": [0.7868477726405175, -0.15951334068645012, 0.5962205836447457, 0.3817800125849196, 0.6171471153225075, 0.20360109658062076, -0.7601066534566211, -0.4867217531279665, -0.00014401306872176243, 0.9659720946353559, 0.2583774196970296, 0.16544771725353102, 0, 0, 0, 1], "fov": 75, "aspect": 1}, {"camera_to_world": [0.7900767167482257, -0.15847901469669942, 0.5922148118360891, 0.3792263155557956, 0.6130079632958974, 0.20447087862475277, -0.7632199426984366, -0.4887299017916859, -0.00013633840090034713, 0.9659586231796811, 0.25841233660439034, 0.16547502079662638, 0, 0, 0, 1], "fov": 75, "aspect": 1}, {"camera_to_world": [0.7932885220374039, -0.15743690451146836, 0.5881868536923492, 0.3766560837636545, 0.6088458789732919, 0.20533409965284344, -0.7663166280654828, -0.49072470463796825, -0.00012830023830968698, 0.9659459242719559, 0.2584473847688215, 0.16550145450360473, 0, 0, 0, 1], "fov": 75, "aspect": 1}, {"camera_to_world": [0.7964828774579544, -0.15638693727187583, 0.5841369125148669, 0.37406930040720526, 0.6046610716200437, 0.2061904919946784, -0.7693963949449327, -0.4927056740067799, -0.00011993163623746317, 0.9659340592720161, 0.2584826007361808, 0.1655269570425534, 0, 0, 0, 1], "fov": 75, "aspect": 1}, {"camera_to_world": [0.7996594830839349, -0.15532903998861142, 0.580065185840913, 0.3714659486851567, 0.6004537440414631, 0.20703978815150295, -0.7724589388207843, -0.49467232223808744, -0.00011126779868553868, 0.9659230898256843, 0.25851802260425627, 0.16555146708156007, 0, 0, 0, 1], "fov": 75, "aspect": 1}, {"camera_to_world": [0.8028180499616128, -0.15426313953313225, 0.5759718651466138, 0.3688460117962176, 0.596224092251491, 0.20788172078807976, -0.775503965142633, -0.49662416167185747, -0.00010234607427241556, 0.9659130778406347, 0.2585536899902704, 0.16557492328871198, 0, 0, 0, 1], "fov": 75, "aspect": 1}, {"camera_to_world": [0.8059582999485141, -0.15318916262880997, 0.5718571355514412, 0.36620947293909684, 0.591972305143367, 0.20871602272421755, -0.7785311891862517, -0.49856070464805646, -9.320595172267966e-05, 0.9659040854615266, 0.25858964399824935, 0.16559726433209668, 0, 0, 0, 1], "fov": 75, "aspect": 1}, {"camera_to_world": [0.8090799655436618, -0.15210703584203564, 0.5677211755243332, 0.3635563153125032, 0.5876985641623548, 0.20954242692576777, -0.7815403359061458, -0.5004814635066511, -8.388905499331368e-05, 0.9658961750444035, 0.25862592718630856, 0.16561842887980166, 0, 0, 0, 1], "fov": 75, "aspect": 1}, {"camera_to_world": [0.812182789709195, -0.15101668557329395, 0.5635641565914963, 0.3608865221151455, 0.5834030429805833, 0.21036066649508672, -0.7845311397802402, -0.5023859505876074, -7.443913808696437e-05, 0.9658894091303618, 0.2586625835339014, 0.1656383555999143, 0, 0, 0, 1], "fov": 75, "aspect": 1}, {"camera_to_world": [0.8152665256835673, -0.14991803804821563, 0.5593862430459218, 0.3582000765457325, 0.5790859071740265, 0.21117047466096056, -0.7875033446468633, -0.5042736782308925, -6.490207960241596e-05, 0.965883850418485, 0.25869965840907616, 0.1656569831605221, 0, 0, 0, 1], "fov": 75, "aspect": 1}, {"camera_to_world": [0.8183309367865139, -0.14881101930861845, 0.5551875916586384, 0.3554969618029732, 0.5747473139016431, 0.2119715847679923, -0.7904567035341873, -0.5061441587764725, -5.5325877073250896e-05, 0.965879561738044, 0.25873719853578614, 0.16567425022971255, 0, 0, 0, 1], "fov": 75, "aspect": 1}, {"camera_to_world": [0.8213757962159763, -0.14769555520354843, 0.5509683513917025, 0.35277716108557616, 0.5703874115866641, 0.2127637302654501, -0.7933909784822852, -0.5079969045643141, -4.576064114454185e-05, 0.965876606019965, 0.25877525196129464, 0.1656900954755731, 0, 0, 0, 1], "fov": 75, "aspect": 1}, {"camera_to_world": [0.824400886837168, -0.14657157138033086, 0.5467286631129155, 0.35004065759225034, 0.5660063396000133, 0.21354664469557563, -0.7963059403579559, -0.5098314279343837, -3.625858963919018e-05, 0.9658750462675605, 0.2588138680237131, 0.16570445756619107, 0, 0, 0, 1], "fov": 75, "aspect": 1}, {"camera_to_world": [0.8274060009639609, -0.14543899327564314, 0.5424686593122399, 0.3472874345217046, 0.5616042279458122, 0.21432006168135398, -0.7992013686624746, -0.5116472412266482, -2.6874041563640198e-05, 0.9658749455265252, 0.25885309731971157, 0.16571727516965415, 0, 0, 0, 1], "fov": 75, "aspect": 1}, {"camera_to_world": [0.8303909401327656, -0.1442977461066203, 0.5381884638198745, 0.3445174750726477, 0.5571811969489151, 0.21508371491374484, -0.8020770513324134, -0.5134438567810736, -1.7663411104653707e-05, 0.9658763668541912, 0.25889299167243707, 0.1657284869540496, 0, 0, 0, 1], "fov": 75, "aspect": 1}, {"camera_to_world": [0.8333555148690696, -0.14314775486200554, 0.5338881915259256, 0.3417307624437883, 0.552737356944395, 0.21583733813837772, -0.8049327845336726, -0.5152207869376266, -8.685201666545068e-06, 0.9658793732880451, 0.2589336040996702, 0.165738031587465, 0, 0, 0, 1], "fov": 75, "aspect": 1}, {"camera_to_world": [0.8362995444467918, -0.14198894429335768, 0.529567948101607, 0.33892727983383547, 0.5482728079688873, 0.21658066514171231, -0.8077683724488631, -0.5169775440362738, 0, 0.9658840278135006, 0.25897498878225433, 0.1657458477379878, 0, 0, 0, 1], "fov": 75, "aspect": 1}, {"camera_to_world": [0.8392233194878276, -0.1408217650871908, 0.5252281481208184, 0.33611496665661816, 0.5437869252082942, 0.21732840473440376, -0.8105819408624312, -0.5187245257136552, 5.841073469235139e-07, 0.9658869473045628, 0.2590218322251422, 0.16575866090418137, 0, 0, 0, 1], "fov": 75, "aspect": 1}, {"camera_to_world": [0.8421271138403029, -0.13964672729931155, 0.5208691536082517, 0.33330124570296216, 0.5392790779716264, 0.21809460001249503, -0.8133718104626796, -0.5204720528541393, -1.4038306494650572e-05, 0.9658848466561536, 0.2590784104553805, 0.16578281962242453, 0, 0, 0, 1], "fov": 75, "aspect": 1}, {"camera_to_world": [0.8450107418719275, -0.13846384490136684, 0.51649096230426, 0.3304853252370716, 0.5347493284540719, 0.21887798650498633, -0.8161380951001297, -0.5222195226692853, -4.2883259630910056e-05, 0.9658779377740508, 0.25914415984997924, 0.1658176971175275, 0, 0, 0, 1], "fov": 75, "aspect": 1}, {"camera_to_world": [0.8478740357585408, -0.13727313234433297, 0.5120935423378528, 0.32766641352315035, 0.5301977105432955, 0.21967730019046625, -0.8188809232060726, -0.5239663323706526, -8.497748167697249e-05, 0.9658664353405201, 0.2592185130445738, 0.1658626666143007, 0, 0, 0, 1], "fov": 75, "aspect": 1}, {"camera_to_world": [0.8507168446670659, -0.13607460457201137, 0.5076768319414712, 0.3248437188254028, 0.5256242296345038, 0.22049127757037976, -0.8216004369607989, -0.5257118791698007, -0.00013935869504775504, 0.9658505570252328, 0.2593008991417032, 0.16591710133755436, 0, 0, 0, 1], "fov": 75, "aspect": 1}, {"camera_to_world": [0.8535390339286745, -0.13486827703037083, 0.5032407391866635, 0.32201644940803287, 0.5210288624481222, 0.22131865574051682, -0.8242967914543444, -0.5274555602782888, -0.00020507589069231822, 0.965830523680045, 0.2593907438998803, 0.16598037451209885, 0, 0, 0, 1], "fov": 75, "aspect": 1}, {"camera_to_world": [0.856340484203007, -0.13365416567283966, 0.49878514173926347, 0.3191838135352447, 0.5164115568491562, 0.22215817246055364, -0.8269701538407418, -0.5291967729076762, -0.0002811895989037953, 0.9658065595176314, 0.2594874699031977, 0.1660518593627445, 0, 0, 0, 1], "fov": 75, "aspect": 1}, {"camera_to_world": [0.8591210906341785, -0.13243228696165651, 0.4943098866326487, 0.3163450194712424, 0.5117722316672966, 0.22300856622145632, -0.829620702486642, -0.5309349142695222, -0.0003667721558584998, 0.96577889227398, 0.25959049671124085, 0.16613092911430163, 0, 0, 0, 1], "fov": 75, "aspect": 1}, {"camera_to_world": [0.8618807619992033, -0.13120265786539162, 0.4898147900576658, 0.31349927548022993, 0.50711