{
    "camera_model": "OPENCV",
    "fl_x": 200.00000000000003,
    "fl_y": 150.00000000000003,
    "cx": 200.0,
    "cy": 150.0,
    "w": 400,
    "h": 300,
    "k1": 0,
    "k2": 0,
    "p1": 0,
    "p2": 0,
    "frames": [
        {
            "file_path": "images/0000.png",
            "transform_matrix": [
                [
                    -4.304731149318286e-08,
                    -1.0,
                    -7.590408301894058e-09,
                    -3.4460999965667725
                ],
                [
                    0.9848077297210693,
                    -4.371138828673793e-08,
                    0.17364829778671265,
                    106.38655853271484
                ],
                [
                    -0.17364829778671265,
                    -0.0,
                    0.9848077297210693,
                    -2.36259388923645
                ],
                [
                    0.0,
                    0.0,
                    0.0,
                    1.0
                ]
            ]
        },
        {
            "file_path": "images/0001.png",
            "transform_matrix": [
                [
                    -4.304730794046918e-08,
                    -1.0,
                    7.59043139453297e-09,
                    -3.4460999965667725
                ],
                [
                    0.9848076105117798,
                    -4.371138828673793e-08,
                    -0.17364883422851562,
                    106.38655853271484
                ],
                [
                    0.17364883422851562,
                    -0.0,
                    0.9848076105117798,
                    -2.36259388923645
                ],
                [
                    0.0,
                    0.0,
                    0.0,
                    1.0
                ]
            ]
        },
        {
            "file_path": "images/0002.png",
            "transform_matrix": [
                [
                    -4.304731149318286e-08,
                    -1.0,
                    -7.590408301894058e-09,
                    -3.0487008094787598
                ],
                [
                    0.9848077297210693,
                    -4.371138828673793e-08,
                    0.17364829778671265,
                    106.38655853271484
                ],
                [
                    -0.17364829778671265,
                    -0.0,
                    0.9848077297210693,
                    -2.3625941276550293
                ],
                [
                    0.0,
                    0.0,
                    0.0,
                    1.0
                ]
            ]
        },
        {
            "file_path": "images/0003.png",
            "transform_matrix": [
                [
                    -4.304730794046918e-08,
                    -1.0,
                    7.59043139453297e-09,
                    -3.0487008094787598
                ],
                [
                    0.9848076105117798,
                    -4.371138828673793e-08,
                    -0.17364883422851562,
                    106.38655853271484
                ],
                [
                    0.17364883422851562,
                    -0.0,
                    0.9848076105117798,
                    -2.3625941276550293
                ],
                [
                    0.0,
                    0.0,
                    0.0,
                    1.0
                ]
            ]
        },
        {
            "file_path": "images/0004.png",
            "transform_matrix": [
                [
                    -4.304731149318286e-08,
                    -1.0,
                    -7.590408301894058e-09,
                    -2.9510858058929443
                ],
                [
                    0.9848077297210693,
                    -4.371138828673793e-08,
                    0.17364829778671265,
                    106.38655853271484
                ],
                [
                    -0.17364829778671265,
                    -0.0,
                    0.9848077297210693,
                    -2.3625943660736084
                ],
                [
                    0.0,
                    0.0,
                    0.0,
                    1.0
                ]
            ]
        },
        {
            "file_path": "images/0005.png",
            "transform_matrix": [
                [
                    -4.304730794046918e-08,
                    -1.0,
                    7.59043139453297e-09,
                    -2.9510858058929443
                ],
                [
                    0.9848076105117798,
                    -4.371138828673793e-08,
                    -0.17364883422851562,
                    106.38655853271484
                ],
                [
                    0.17364883422851562,
                    -0.0,
                    0.9848076105117798,
                    -2.3625943660736084
                ],
                [
                    0.0,
                    0.0,
                    0.0,
                    1.0
                ]
            ]
        },
        {
            "file_path": "images/0006.png",
            "transform_matrix": [
                [
                    0.00024627710808999836,
                    -0.9999991655349731,
                    -0.0012371104676276445,
                    -2.9844257831573486
                ],
                [
                    0.9848823547363281,
                    2.8256341465748847e-05,
                    0.1732243448495865,
                    106.38706970214844
                ],
                [
                    -0.17322419583797455,
                    -0.0012610695557668805,
                    0.984881579875946,
                    -2.4939322471618652
                ],
                [
                    0.0,
                    0.0,
                    0.0,
                    1.0
                ]
            ]
        },
        {
            "file_path": "images/0007.png",
            "transform_matrix": [
                [
                    -0.00019983960373792797,
                    -0.9999992251396179,
                    -0.001253445167094469,
                    -2.9844257831573486
                ],
                [
                    0.9847326874732971,
                    2.1402884158305824e-05,
                    -0.17407341301441193,
                    106.38706970214844
                ],
                [
                    0.17407329380512238,
                    -0.0012690951116383076,
                    0.9847318530082703,
                    -2.4939322471618652
                ],
                [
                    0.0,
                    0.0,
                    0.0,
                    1.0
                ]
            ]
        },
        {
            "file_path": "images/0008.png",
            "transform_matrix": [
                [
                    0.0003202066000085324,
                    -0.9999986290931702,
                    -0.0016283422010019422,
                    -2.997119188308716
                ],
                [
                    0.985129714012146,
                    3.567614476196468e-05,
                    0.17181214690208435,
                    106.38956451416016
                ],
                [
                    -0.17181184887886047,
                    -0.0016591435996815562,
                    0.9851283431053162,
                    -3.0377397537231445
                ],
                [
                    0.0,
                    0.0,
                    0.0,
                    1.0
                ]
            ]
        },
        {
            "file_path": "images/0009.png",
            "transform_matrix": [
                [
                    -0.0002663315390236676,
                    -0.9999985694885254,
                    -0.0016463699284940958,
                    -2.997119188308716
                ],
                [
                    0.9844820499420166,
                    2.671507536433637e-05,
                    -0.1754852682352066,
                    106.38956451416016
                ],
                [
                    0.17548507452011108,
                    -0.0016675590304657817,
                    0.9844806790351868,
                    -3.0377397537231445
                ],
                [
                    0.0,
                    0.0,
                    0.0,
                    1.0
                ]
            ]
        },
        {
            "file_path": "images/0010.png",
            "transform_matrix": [
                [
                    0.00026108851307071745,
                    -0.9999990463256836,
                    -0.0013285281602293253,
                    -3.0003809928894043
                ],
                [
                    0.9853938221931458,
                    3.1039060559123755e-05,
                    0.17029067873954773,
                    106.39369201660156
                ],
                [
                    -0.1702904999256134,
                    -0.0013535844627767801,
                    0.9853929281234741,
                    -3.8441624641418457
                ],
                [
                    0.0,
                    0.0,
                    0.0,
                    1.0
                ]
            ]
        },
        {
            "file_path": "images/0011.png",
            "transform_matrix": [
                [
                    -0.00021744989498984069,
                    -0.9999991059303284,
                    -0.0013422894990071654,
                    -3.0003809928894043
                ],
                [
                    0.9842099547386169,
                    2.357579069212079e-05,
                    -0.17700514197349548,
                    106.39369201660156
                ],
                [
                    0.17700500786304474,
                    -0.0013595843920484185,
                    0.9842090010643005,
                    -3.8441624641418457
                ],
                [
                    0.0,
                    0.0,
                    0.0,
                    1.0
                ]
            ]
        },
        {
            "file_path": "images/0012.png",
            "transform_matrix": [
                [
                    6.37548218946904e-05,
                    -0.9999999403953552,
                    -0.0002919690450653434,
                    -3.001415967941284
                ],
                [
                    0.9855904579162598,
                    1.344983684248291e-05,
                    0.16914910078048706,
                    106.39875030517578
                ],
                [
                    -0.16914910078048706,
                    -0.0002985459577757865,
                    0.985590398311615,
                    -4.73000955581665
                ],
                [
                    0.0,
                    0.0,
                    0.0,
                    1.0
                ]
            ]
        },
        {
            "file_path": "images/0013.png",
            "transform_matrix": [
                [
                    -4.2037292587338015e-05,
                    -0.9999999403953552,
                    -0.0002992342342622578,
                    -3.001415967941284
                ],
                [
                    0.9840043783187866,
                    1.1942032870138064e-05,
                    -0.1781444102525711,
                    106.39875030517578
                ],
                [
                    0.1781444102525711,
                    -0.00030193652492016554,
                    0.9840043187141418,
                    -4.73000955581665
                ],
                [
                    0.0,
                    0.0,
                    0.0,
                    1.0
                ]
            ]
        },
        {
            "file_path": "images/0014.png",
            "transform_matrix": [
                [
                    -2.859353662643116e-05,
                    -1.0,
                    0.0001386207586620003,
                    -3.0016984939575195
                ],
                [
                    0.9855908155441284,
                    -4.734203685075045e-06,
                    0.16914726793766022,
                    106.40238952636719
                ],
                [
                    -0.16914726793766022,
                    0.00014145986642688513,
                    0.9855908155441284,
                    -5.526018142700195
                ],
                [
                    0.0,
                    0.0,
                    0.0,
                    1.0
                ]
            ]
        },
        {
            "file_path": "images/0015.png",
            "transform_matrix": [
                [
                    2.154063076886814e-05,
                    -1.0,
                    0.00014105871377978474,
                    -3.0016984939575195
                ],
                [
                    0.9840039610862732,
                    -3.933049811166711e-06,
                    -0.17814651131629944,
                    106.40238952636719
                ],
                [
                    0.17814651131629944,
                    0.00014263972116168588,
                    0.9840039610862732,
                    -5.526018142700195
                ],
                [
                    0.0,
                    0.0,
                    0.0,
                    1.0
                ]
            ]
        },
        {
            "file_path": "images/0016.png",
            "transform_matrix": [
                [
                    4.836461812374182e-05,
                    -0.9999999403953552,
                    -0.0002637422294355929,
                    -3.0015804767608643
                ],
                [
                    0.9856145977973938,
                    3.0941737350076437e-06,
                    0.1690085530281067,
                    106.40644073486328
                ],
                [
                    -0.1690085530281067,
                    -0.0002681222395040095,
                    0.985614538192749,
                    -6.354861259460449
                ],
                [
                    0.0,
                    0.0,
                    0.0,
                    1.0
                ]
            ]
        },
        {
            "file_path": "images/0017.png",
            "transform_matrix": [
                [
                    -4.6258985094027594e-05,
                    -0.9999999403953552,
                    -0.00026401167269796133,
                    -3.0015804767608643
                ],
                [
                    0.9839789271354675,
                    1.5514233382418752e-06,
                    -0.17828486859798431,
                    106.40644073486328
                ],
                [
                    0.17828486859798431,
                    -0.0002680291945580393,
                    0.9839788675308228,
                    -6.354861259460449
                ],
                [
                    0.0,
                    0.0,
                    0.0,
                    1.0
                ]
            ]
        },
        {
            "file_path": "images/0018.png",
            "transform_matrix": [
                [
                    -1.4612612176279072e-05,
                    -1.0,
                    9.989640238927677e-05,
                    -3.0017120838165283
                ],
                [
                    0.9856295585632324,
                    2.4720038709347136e-06,
                    0.16892126202583313,
                    106.41047668457031
                ],
                [
                    -0.16892126202583313,
                    0.00010092922457261011,
                    0.9856295585632324,
                    -7.2032470703125
                ],
                [
                    0.0,
                    0.0,
                    0.0,
                    1.0
                ]
            ]
        },
        {
            "file_path": "images/0019.png",
            "transform_matrix": [
                [
                    2.0718654923257418e-05,
                    -1.0,
                    9.745282295625657e-05,
                    -3.0017120838165283
                ],
                [
                    0.9839631915092468,
                    3.003564415848814e-06,
                    -0.17837174236774445,
                    106.41047668457031
                ],
                [
                    0.17837174236774445,
                    9.958561713574454e-05,
                    0.9839631915092468,
                    -7.2032470703125
                ],
                [
                    0.0,
                    0.0,
                    0.0,
                    1.0
                ]
            ]
        },
        {
            "file_path": "images/0020.png",
            "transform_matrix": [
                [
                    -5.330459316610359e-06,
                    -1.0,
                    5.4399835789809003e-05,
                    -3.001696825027466
                ],
                [
                    0.9856383204460144,
                    3.932592335331719e-06,
                    0.16886994242668152,
                    106.41438293457031
                ],
                [
                    -0.16886994242668152,
                    5.4518717661267146e-05,
                    0.9856383204460144,
                    -7.999734878540039
                ],
                [
                    0.0,
                    0.0,
                    0.0,
                    1.0
                ]
            ]
        },
        {
            "file_path": "images/0021.png",
            "transform_matrix": [
                [
                    1.3680672964255791e-05,
                    -1.0,
                    5.140183930052444e-05,
                    -3.001696825027466
                ],
                [
                    0.9839538335800171,
                    4.289875505492091e-06,
                    -0.17842310667037964,
                    106.41438293457031
                ],
                [
                    0.17842310667037964,
                    5.301798591972329e-05,
                    0.9839538335800171,
                    -7.999734878540039
                ],
                [
                    0.0,
                    0.0,
                    0.0,
                    1.0
                ]
            ]
        },
        {
            "file_path": "images/0022.png",
            "transform_matrix": [
                [
                    2.0989204131183214e-05,
                    -1.0,
                    -8.986567991087213e-05,
                    -3.001646041870117
                ],
                [
                    0.9856515526771545,
                    5.519363185157999e-06,
                    0.16879278421401978,
                    106.41853332519531
                ],
                [
                    -0.16879278421401978,
                    -9.21190730878152e-05,
                    0.9856515526771545,
                    -8.843050003051758
                ],
                [
                    0.0,
                    0.0,
                    0.0,
                    1.0
                ]
            ]
        },
        {
            "file_path": "images/0023.png",
            "transform_matrix": [
                [
                    -1.1655191883619409e-05,
                    -1.0,
                    -9.30146052269265e-05,
                    -3.001646041870117
                ],
                [
                    0.9839398860931396,
                    5.135109859111253e-06,
                    -0.17850013077259064,
                    106.41853332519531
                ],
                [
                    0.17850013077259064,
                    -9.360122930957004e-05,
                    0.9839398860931396,
                    -8.843050003051758
                ],
                [
                    0.0,
                    0.0,
                    0.0,
                    1.0
                ]
            ]
        },
        {
            "file_path": "images/0024.png",
            "transform_matrix": [
                [
                    -2.43653394136345e-05,
                    -1.0,
                    0.0001391169789712876,
                    -3.001727342605591
                ],
                [
                    0.9856514930725098,
                    -5.33720594830811e-07,
                    0.16879329085350037,
                    106.42252349853516
                ],
                [
                    -0.16879329085350037,
                    0.00014123355504125357,
                    0.9856514930725098,
                    -9.653191566467285
                ],
                [
                    0.0,
                    0.0,
                    0.0,
                    1.0
                ]
            ]
        },
        {
            "file_path": "images/0025.png",
            "transform_matrix": [
                [
                    2.5409959562239237e-05,
                    -1.0,
                    0.00013856064470019192,
                    -3.001727342605591
                ],
                [
                    0.9839400053024292,
                    2.688702807063237e-07,
                    -0.1784994900226593,
                    106.42252349853516
                ],
                [
                    0.1784994900226593,
                    0.00014087102317716926,
                    0.9839400053024292,
                    -9.653191566467285
                ],
                [
                    0.0,
                    0.0,
                    0.0,
                    1.0
                ]
            ]
        },
        {
            "file_path": "images/0026.png",
            "transform_matrix": [
                [
                    7.593047939735698e-06,
                    -1.0,
                    -0.00013149110600352287,
                    -3.001634120941162
                ],
                [
                    0.9854839444160461,
                    -1.4840224139334168e-05,
                    0.1697685271501541,
                    106.42499542236328
                ],
                [
                    -0.1697685271501541,
                    -0.0001308714272454381,
                    0.9854839444160461,
                    -10.470417022705078
                ],
                [
                    0.0,
                    0.0,
                    0.0,
                    1.0
                ]
            ]
        },
        {
            "file_path": "images/0027.png",
            "transform_matrix": [
                [
                    -3.758406455744989e-05,
                    -1.0,
                    -0.0001206548695336096,
                    -3.001634120941162
                ],
                [
                    0.9841160774230957,
                    -1.5567684386041947e-05,
                    -0.17752617597579956,
                    106.42499542236328
                ],
                [
                    0.17752617597579956,
                    -0.00012541055912151933,
                    0.9841160774230957,
                    -10.470417022705078
                ],
                [
                    0.0,
                    0.0,
                    0.0,
                    1.0
                ]
            ]
        },
        {
            "file_path": "images/0028.png",
            "transform_matrix": [
                [
                    -1.5196355889202096e-05,
                    -1.0,
                    5.149424396222457e-05,
                    -3.001697301864624
                ],
                [
                    0.9853872060775757,
                    -6.203313205332961e-06,
                    0.17032934725284576,
                    106.42723083496094
                ],
                [
                    -0.17032934725284576,
                    5.333015360520221e-05,
                    0.9853872060775757,
                    -11.303455352783203
                ],
                [
                    0.0,
                    0.0,
                    0.0,
                    1.0
                ]
            ]
        },
        {
            "file_path": "images/0029.png",
            "transform_matrix": [
                [
                    3.946123797504697e-06,
                    -1.0,
                    5.5438042181776837e-05,
                    -3.001697301864624
                ],
                [
                    0.9842169284820557,
                    -5.926811354584061e-06,
                    -0.1769660860300064,
                    106.42723083496094
                ],
                [
                    0.1769660860300064,
                    5.526138920686208e-05,
                    0.9842169284820557,
                    -11.303455352783203
                ],
                [
                    0.0,
                    0.0,
                    0.0,
                    1.0
                ]
            ]
        },
        {
            "file_path": "images/0030.png",
            "transform_matrix": [
                [
                    -8.030318895180244e-06,
                    -1.0,
                    2.960317760880571e-05,
                    -3.0016891956329346
                ],
                [
                    0.985322117805481,
                    -2.8590334295586217e-06,
                    0.17070525884628296,
                    106.42927551269531
                ],
                [
                    -0.17070525884628296,
                    3.05394823953975e-05,
                    0.985322117805481,
                    -12.102481842041016
                ],
                [
                    0.0,
                    0.0,
                    0.0,
                    1.0
                ]
            ]
        },
        {
            "file_path": "images/0031.png",
            "transform_matrix": [
                [
                    2.8903718884976115e-06,
                    -1.0,
                    3.1310319172916934e-05,
                    -3.0016891956329346
                ],
                [
                    0.9842844605445862,
                    -2.6841478302230826e-06,
                    -0.1765902042388916,
                    106.42927551269531
                ],
                [
                    0.1765902042388916,
                    3.132867277599871e-05,
                    0.9842844605445862,
                    -12.102481842041016
                ],
                [
                    0.0,
                    0.0,
                    0.0,
                    1.0
                ]
            ]
        },
        {
            "file_path": "images/0032.png",
            "transform_matrix": [
                [
                    2.2273772628977895e-05,
                    -1.0,
                    -8.459159289486706e-05,
                    -3.00164794921875
                ],
                [
                    0.9853012561798096,
                    7.495958016079385e-06,
                    0.17082570493221283,
                    106.43146514892578
                ],
                [
                    -0.17082570493221283,
                    -8.715313015272841e-05,
                    0.9853012561798096,
                    -12.941429138183594
                ],
                [
                    0.0,
                    0.0,
                    0.0,
                    1.0
                ]
            ]
        },
        {
            "file_path": "images/0033.png",
            "transform_matrix": [
                [
                    -8.726067790121306e-06,
                    -1.0,
                    -8.915382204577327e-05,
                    -3.00164794921875
                ],
                [
                    0.9843059778213501,
                    7.143865332182031e-06,
                    -0.17647013068199158,
                    106.43146514892578
                ],
                [
                    0.17647013068199158,
                    -8.929452451411635e-05,
                    0.9843059778213501,
                    -12.941429138183594
                ],
                [
                    0.0,
                    0.0,
                    0.0,
                    1.0
                ]
            ]
        },
        {
            "file_path": "images/0034.png",
            "transform_matrix": [
                [
                    -2.376843804086093e-05,
                    -1.0,
                    0.00012736133066937327,
                    -3.001723527908325
                ],
                [
                    0.9852615594863892,
                    -1.632399289519526e-06,
                    0.17105451226234436,
                    106.43338775634766
                ],
                [
                    -0.17105451226234436,
                    0.00012954992416780442,
                    0.9852615594863892,
                    -13.751165390014648
                ],
                [
                    0.0,
                    0.0,
                    0.0,
                    1.0
                ]
            ]
        },
        {
            "file_path": "images/0035.png",
            "transform_matrix": [
                [
                    2.190017039538361e-05,
                    -1.0,
                    0.00012792435882147402,
                    -3.001723527908325
                ],
                [
                    0.9843469858169556,
                    -9.88207830232568e-07,
                    -0.1762414276599884,
                    106.43338775634766
                ],
                [
                    0.1762414276599884,
                    0.0001297816779697314,
                    0.9843469858169556,
                    -13.751165390014648
                ],
                [
                    0.0,
                    0.0,
                    0.0,
                    1.0
                ]
            ]
        },
        {
            "file_path": "images/0036.png",
            "transform_matrix": [
                [
                    2.7087980924989097e-05,
                    -1.0,
                    -0.00012654397869482636,
                    -3.001633644104004
                ],
                [
                    0.9852455854415894,
                    5.030742613598704e-06,
                    0.17114660143852234,
                    106.43533325195312
                ],
                [
                    -0.17114660143852234,
                    -0.00012931290257256478,
                    0.9852455854415894,
                    -14.568221092224121
                ],
                [
                    0.0,
                    0.0,
                    0.0,
                    1.0
                ]
            ]
        },
        {
            "file_path": "images/0037.png",
            "transform_matrix": [
                [
                    -1.870092637545895e-05,
                    -1.0,
                    -0.000129333435324952,
                    -3.001633644104004
                ],
                [
                    0.9843634366989136,
                    4.373483534436673e-06,
                    -0.17614927887916565,
                    106.43533325195312
                ],
                [
                    0.17614927887916565,
                    -0.00013060527271591127,
                    0.9843634366989136,
                    -14.568221092224121
                ],
                [
                    0.0,
                    0.0,
                    0.0,
                    1.0
                ]
            ]
        },
        {
            "file_path": "images/0038.png",
            "transform_matrix": [
                [
                    1.0529607607168145e-05,
                    -1.0,
                    5.832158785779029e-05,
                    -3.0016963481903076
                ],
                [
                    0.9854454398155212,
                    2.029056486207992e-05,
                    0.169992133975029,
                    106.43928527832031
                ],
                [
                    -0.169992133975029,
                    5.568279084400274e-05,
                    0.9854454398155212,
                    -15.401192665100098
                ],
                [
                    0.0,
                    0.0,
                    0.0,
                    1.0
                ]
            ]
        },
        {
            "file_path": "images/0039.png",
            "transform_matrix": [
                [
                    2.8817843485740013e-05,
                    -1.0,
                    4.4280121073825285e-05,
                    -3.0016963481903076
                ],
                [
                    0.9841563701629639,
                    2.051028423011303e-05,
                    -0.17730262875556946,
                    106.43928527832031
                ],
                [
                    0.17730262875556946,
                    4.868804171564989e-05,
                    0.9841563701629639,
                    -15.401192665100098
                ],
                [
                    0.0,
                    0.0,
                    0.0,
                    1.0
                ]
            ]
        },
        {
            "file_path": "images/0040.png",
            "transform_matrix": [
                [
                    2.8940901302121347e-06,
                    -1.0,
                    3.292231122031808e-05,
                    -3.0016891956329346
                ],
                [
                    0.9855507016181946,
                    8.42867393657798e-06,
                    0.16938060522079468,
                    106.44332885742188
                ],
                [
                    -0.16938060522079468,
                    3.195640601916239e-05,
                    0.9855507016181946,
                    -16.200284957885742
                ],
                [
                    0.0,
                    0.0,
                    0.0,
                    1.0
                ]
            ]
        },
        {
            "file_path": "images/0041.png",
            "transform_matrix": [
                [
                    1.3681957170774695e-05,
                    -1.0,
                    2.6971027182298712e-05,
                    -3.0016891956329346
                ],
                [
                    0.9840461611747742,
                    8.665174391353503e-06,
                    -0.17791327834129333,
                    106.44332885742188
                ],
                [
                    0.17791327834129333,
                    2.8974936867598444e-05,
                    0.9840461611747742,
                    -16.200284957885742
                ],
                [
                    0.0,
                    0.0,
                    0.0,
                    1.0
                ]
            ]
        },
        {
            "file_path": "images/0042.png",
            "transform_matrix": [
                [
                    2.0753746866830625e-05,
                    -1.0,
                    -8.489644824294373e-05,
                    -3.00164794921875
                ],
                [
                    0.9856297373771667,
                    6.114783900557086e-06,
                    0.16892021894454956,
                    106.44778442382812
                ],
                [
                    -0.16892021894454956,
                    -8.718219032743946e-05,
                    0.9856297373771667,
                    -17.039106369018555
                ],
                [
                    0.0,
                    0.0,
                    0.0,
                    1.0
                ]
            ]
        },
        {
            "file_path": "images/0043.png",
            "transform_matrix": [
                [
                    -1.0365192792960443e-05,
                    -1.0,
                    -8.836242341203615e-05,
                    -3.00164794921875
                ],
                [
                    0.9839629530906677,
                    5.562486876442563e-06,
                    -0.1783728003501892,
                    106.44778442382812
                ],
                [
                    0.1783728003501892,
                    -8.879422239260748e-05,
                    0.9839629530906677,
                    -17.039106369018555
                ],
                [
                    0.0,
                    0.0,
                    0.0,
                    1.0
                ]
            ]
        },
        {
            "file_path": "images/0044.png",
            "transform_matrix": [
                [
                    -1.9313429220346734e-05,
                    -1.0,
                    0.00012901812442578375,
                    -3.001723289489746
                ],
                [
                    0.985679030418396,
                    2.7197584131499752e-06,
                    0.1686321347951889,
                    106.45215606689453
                ],
                [
                    -0.1686321347951889,
                    0.0001304273318964988,
                    0.985679030418396,
                    -17.84883689880371
                ],
                [
                    0.0,
                    0.0,
                    0.0,
                    1.0
                ]
            ]
        },
        {
            "file_path": "images/0045.png",
            "transform_matrix": [
                [
                    2.6464824259164743e-05,
                    -1.0,
                    0.00012620545749086887,
                    -3.001723289489746
                ],
                [
                    0.9839107394218445,
                    3.4910626709461212e-06,
                    -0.17866076529026031,
                    106.45215606689453
                ],
                [
                    0.17866076529026031,
                    0.00012890312063973397,
                    0.9839107394218445,
                    -17.84883689880371
                ],
                [
                    0.0,
                    0.0,
                    0.0,
                    1.0
                ]
            ]
        },
        {
            "file_path": "images/0046.png",
            "transform_matrix": [
                [
                    2.4985751224448904e-05,
                    -1.0,
                    -0.000127337800222449,
                    -3.0016331672668457
                ],
                [
                    0.9857141375541687,
                    3.1817035051062703e-06,
                    0.16842685639858246,
                    106.45669555664062
                ],
                [
                    -0.16842685639858246,
                    -0.00012972693366464227,
                    0.9857141375541687,
                    -18.66588020324707
                ],
                [
                    0.0,
                    0.0,
                    0.0,
                    1.0
                ]
            ]
        },
        {
            "file_path": "images/0047.png",
            "transform_matrix": [
                [
                    -2.0802783183171414e-05,
                    -1.0,
                    -0.00012854042870458215,
