{
  "keyframes": [
    {
      "matrix": "[0.03871940596928383,0.9992501550311972,-2.220446121113367e-16,0,0.04846804299786681,-0.0018780620887794875,0.9988229486229716,0,0.9980739592677991,-0.03867383019325542,-0.04850441561635006,0,0.4483894695235361,0.985300560475246,-0.0018124304538501418,1]",
      "fov": 90,
      "aspect": 1.6678200692041523,
      "properties": "[[\"FOV\",50],[\"NAME\",\"Camera 0\"],[\"TIME\",0]]"
    },
    {
      "matrix": "[-0.042506191076770276,0.9990962358294772,5.551115302783417e-17,0,0.06061854344973193,0.0025789941932175147,0.9981576538724348,0,0.9972555277780435,0.04242787881280121,-0.06067338016117365,0,0.09886090240700862,1.026824333019806,0.0014790128418138149,1]",
      "fov": 90,
      "aspect": 1.6678200692041523,
      "properties": "[[\"FOV\",50],[\"NAME\",\"Camera 1\"],[\"TIME\",0.09000000000000002]]"
    },
    {
      "matrix": "[-0.9413840413798054,0.3373368514762526,5.551115302783417e-17,0,0.026619036001947812,0.07428401486373647,0.9968817748676074,0,0.33628495013323484,0.938448568622858,-0.07890936578250705,0,-0.45813990710361285,0.8715275997818651,0.016065378470916415,1]",
      "fov": 90,
      "aspect": 1.6678200692041523,
      "properties": "[[\"FOV\",50],[\"NAME\",\"Camera 3\"],[\"TIME\",0.268125]]"
    },
    {
      "matrix": "[-0.9980690970374148,-0.06211394583671138,3.4694470642396356e-18,0,-0.007537336553749146,0.12111261950808609,0.9926101364376169,0,-0.061654930584229356,0.9906934757916559,-0.12134693322495596,0,-0.6070296972312124,0.18111462004059653,-0.0016480120701769796,1]",
      "fov": 90,
      "aspect": 1.6678200692041523,
      "properties": "[[\"FOV\",50],[\"NAME\",\"Camera 4\"],[\"TIME\",0.3600000000000001]]"
    },
    {
      "matrix": "[-0.9999563896749741,-0.009342562639667101,0,0,-0.0008128603368286413,0.08700234818592736,0.9962077552766524,0,-0.009307133104087411,0.9961642833918755,-0.08700614583082021,0,-0.6102035713416528,-0.4131466238121631,-0.021211634679267413,1]",
      "fov": 90,
      "aspect": 1.6678200692041523,
      "properties": "[[\"FOV\",50],[\"NAME\",\"Camera 5\"],[\"TIME\",0.45]]"
    },
    {
      "matrix": "[-0.3168630998333933,-0.9484713178016815,2.220446121113367e-16,0,0.011772700423260316,-0.003932996474969696,0.9999229450655742,0,-0.9483982077575175,0.3168386753992667,0.01241228980354254,0,-0.5333432495851009,-0.9148086570298789,0.00487153117325009,1]",
      "fov": 90,
      "aspect": 1.6678200692041523,
      "properties": "[[\"FOV\",50],[\"NAME\",\"Camera 6\"],[\"TIME\",0.54]]"
    },
    {
      "matrix": "[-0.009615040606407024,-0.9999538067944053,-1.1102230605566834e-16,0,0.018504303069286774,-0.00017792784446211152,0.9998287453933006,0,-0.999782533059875,0.009613393726419998,0.018505158579197198,0,0.029345606325743012,-0.961183625131298,-0.0056619750552279954,1]",
      "fov": 90,
      "aspect": 1.6678200692041523,
      "properties": "[[\"FOV\",50],[\"NAME\",\"Camera 7\"],[\"TIME\",0.63]]"
    },
    {
      "matrix": "[0.908652410970108,-0.4175534226499591,0,0,0.03736203448569577,0.08130481244464802,0.9959887383186466,0,-0.41587849535853466,-0.9050075438968275,0.0894784568080688,0,0.47101982199802284,-0.9557406405665245,0.004887192577831531,1]",
      "fov": 90,
      "aspect": 1.6678200692041523,
      "properties": "[[\"FOV\",50],[\"NAME\",\"Camera 8\"],[\"TIME\",0.72]]"
    },
    {
      "matrix": "[0.9988053939256921,-0.048865629980881564,6.938894128479271e-18,0,0.0032839840150091287,0.06712409006166889,0.9977392109101061,0,-0.04875515377919069,-0.9965472786370434,0.06720437534617986,0,0.5472119611411764,-0.20482444699035673,0.009786162181764466,1]",
      "fov": 90,
      "aspect": 1.6678200692041523,
      "properties": "[[\"FOV\",50],[\"NAME\",\"Camera 9\"],[\"TIME\",0.9]]"
    },
    {
      "matrix": "[0.9999982369336172,0.001894955973780267,-2.168404415149772e-19,0,-0.0001273493277273878,0.06720425432788268,0.9977392109101061,0,0.0018906718268566197,-0.9977374248463233,0.06720437534618086,0,0.562901433479576,0.5787400969731158,0.0016120796105722965,1]",
      "fov": 90,
      "aspect": 1.6678200692041523,
      "properties": "[[\"FOV\",50],[\"NAME\",\"Camera 10\"],[\"TIME\",1]]"
    }
  ],
  "camera_type": "perspective",
  "render_height": 1080,
  "render_width": 1920,
  "camera_path": [
    {
      "camera_to_world": [
        0.03871940471615993, 0.04846804394286913, 0.9980739734181923,
        0.4483894695235361, 0.999250122691224, -0.001878062125396679,
        -0.03867383074156138, 0.985300560475246, -2.0166160408230382e-16,
        0.9988229680974529, -0.04850441630403095, -0.0018124304538501418, 0, 0,
        0, 1
      ],
      "fov": 90,
      "aspect": 1.6678200692041523
    },
    {
      "camera_to_world": [
        0.016708636771532136, 0.05016821192061133, 0.9986010073948081,
        0.43682885223819545, 0.9998573139302471, -0.0033201738631327684,
        -0.016562856810039453, 0.9953428569612738, 0.002484600053993495,
        0.9987352637001494, -0.05021652919472326, -0.0018108002698304982, 0, 0,
        0, 1
      ],
      "fov": 90,
      "aspect": 1.6678200692041523
    },
    {
      "camera_to_world": [
        0.0009382652999875217, 0.0515389148403799, 0.9986705462339935,
        0.42426260034155305, 0.9999893774380806, -0.004555084254141631,
        -0.0007044277378502791, 1.0041878340906902, 0.004512723039033219,
        0.9986605987343817, -0.05154264124255993, -0.0017986938497213222, 0, 0,
        0, 1
      ],
      "fov": 90,
      "aspect": 1.6678200692041523
    },
    {
      "camera_to_world": [
        -0.009646651999627555, 0.052616148956377326, 0.9985682164850825,
        0.4107439369793048, 0.9999347762149347, -0.005598591856640846,
        0.009954852345026959, 1.0118939442303083, 0.006114361878938435,
        0.9985991170826375, -0.05255870946465787, -0.0017747848267174312, 0, 0,
        0, 1
      ],
      "fov": 90,
      "aspect": 1.6678200692041523
    },
    {
      "camera_to_world": [
        -0.015954628292037115, 0.05343660728490018, 0.9984437785063024,
        0.3963260852971463, 0.9998459253694806, -0.006457342057155919,
        0.01632263016809171, 1.0185196397469416, 0.007319518980803398,
        0.9985503651471148, -0.05332534956710007, -0.0017377468340136412, 0, 0,
        0, 1
      ],
      "fov": 90,
      "aspect": 1.6678200692041523
    },
    {
      "camera_to_world": [
        -0.018775662787662566, 0.0540371507478062, 0.998362389528944,
        0.3810622684407732, 0.9997904403355198, -0.007132596641807937,
        0.019188576780285117, 1.024123373007403, 0.008157812242973614,
        0.9985134512885664, -0.053891907511279015, -0.00168625350480477, 0, 0,
        0, 1
      ],
      "fov": 90,
      "aspect": 1.6678200692041523
    },
    {
      "camera_to_world": [
        -0.01880893967752323, 0.054454796514830255, 0.9983390701183319,
        0.3650057095558813, 0.9997856021314059, -0.007623025245982149,
        0.019251993580963522, 1.0287635963785065, 0.008658727328518577,
        0.9984871379355007, -0.05429974050051082, -0.001618978472285634, 0, 0,
        0, 1
      ],
      "fov": 90,
      "aspect": 1.6678200692041523
    },
    {
      "camera_to_world": [
        -0.016687475854149886, 0.05472683551853809, 0.998361909141041,
        0.34820963178816633, 0.9998215680625878, -0.007926745915192487,
        0.017146391342322688, 1.0324987622270645, 0.008852128923895298,
        0.9984698994828651, -0.054584793122186316, -0.0015345953696510506, 0, 0,
        0, 1
      ],
      "fov": 90,
      "aspect": 1.6678200692041523
    },
    {
      "camera_to_world": [
        -0.012998975409996663, 0.0548908927640484, 0.9984077406199613,
        0.33072725828332394, 0.9998770596541817, -0.008042779784757547,
        0.013460284939106741, 1.0353873229198907, 0.008768820650369725,
        0.9984599659399969, -0.054779596562059614, -0.0014317778300958364, 0, 0,
        0, 1
      ],
      "fov": 90,
      "aspect": 1.6678200692041523
    },
    {
      "camera_to_world": [
        -0.008303083145387571, 0.05498485756143064, 0.9984526650018166,
        0.3126118121870498, 0.9999299013519877, -0.007972018784062947,
        0.008754387397811784, 1.0374877308237982, 0.008441042144498458,
        0.9984553632263465, -0.054914810862453756, -0.0013091994868148083, 0, 0,
        0, 1
      ],
      "fov": 90,
      "aspect": 1.6678200692041523
    },
    {
      "camera_to_world": [
        -0.003145609609158666, 0.05504667540249051, 0.998478827350545,
        0.29391651664503976, 0.999963824416664, -0.007717753156843671,
        0.0035757718340721084, 1.0388584383056005, 0.007902847473289771,
        0.9984539547787584, -0.055020407018405826, -0.0011655339730027834, 0, 0,
        0, 1
      ],
      "fov": 90,
      "aspect": 1.6678200692041523
    },
    {
      "camera_to_world": [
        0.0019295712263342007, 0.05511402975927396, 0.9984782023051763,
        0.2746945948029894, 0.9999722874858411, -0.0072857701811078895,
        -0.0015302984030656369, 1.0395578977321107, 0.0071903418011141345,
        0.9984534847836237, -0.05512656082344705, -0.0009994549218545793, 0, 0,
        0, 1
      ],
      "fov": 90,
      "aspect": 1.6678200692041523
    },
    {
      "camera_to_world": [
        0.006370235840588863, 0.055223959838230925, 0.9984536716118182,
        0.2549992698065945, 0.9999596001833048, -0.0066840141376852584,
        -0.006010154428340799, 1.039644561470142, 0.006341773930104889,
        0.9984516203676534, -0.05526430754679515, -0.0008096359665650108, 0, 0,
        0, 1
      ],
      "fov": 90,
      "aspect": 1.6678200692041523
    },
    {
      "camera_to_world": [
        0.009606470404869602, 0.05541246166958233, 0.9984173349947792,
        0.2348837648015507, 0.999939289538493, -0.005921785965841025,
        -0.009292453294411942, 1.039176881886508, 0.0053974960504314965,
        0.9984459882951565, -0.05546598501508595, -0.0005947507403288976, 0, 0,
        0, 1
      ],
      "fov": 90,
      "aspect": 1.6678200692041523
    },
    {
      "camera_to_world": [
        0.011041724307890992, 0.05571410322494393, 0.9983857065413891,
        0.21440130293355375, 0.9999293585018079, -0.0050084546316690156,
        -0.010779303705056451, 1.0382133113480216, 0.004399810276802828,
        0.9984342011790475, -0.05576546947247315, -0.00035347287634105514, 0, 0,
        0, 1
      ],
      "fov": 90,
      "aspect": 1.6678200692041523
    },
    {
      "camera_to_world": [
        0.010043924374644093, 0.056161645283047366, 0.9983711680443588,
        0.1936051073482993, 0.9999438029259295, -0.003951647650174232,
        -0.00983745245879636, 1.0368123022214961, 0.0033927235647244315,
        0.9984138691344137, -0.05619817921306104, -0.00008447600779629952, 0, 0,
        0, 1
      ],
      "fov": 90,
      "aspect": 1.6678200692041523
    },
    {
      "camera_to_world": [
        0.005936708262914663, 0.056785591980834035, 0.9983687455236104,
        0.1725484011914833, 0.9999794454000024, -0.0027548853744409543,
        -0.005789592738495187, 1.035032306873745, 0.00242162600435857,
        0.9983825955764453, -0.05680077972647108, 0.00021356623211054963, 0, 0,
        0, 1
      ],
      "fov": 90,
      "aspect": 1.6678200692041523
    },
    {
      "camera_to_world": [
        -0.0020084809849772903, 0.057613489623797046, 0.9983369430295072,
        0.15128440760880124, 0.9999968081235432, -0.0014146296006048433,
        0.002093457861659349, 1.0329317776715812, 0.0015328884037774588,
        0.9983379611316311, -0.0576104644720023, 0.0005419802101846772, 0, 0, 0,
        1
      ],
      "fov": 90,
      "aspect": 1.6678200692041523
    },
    {
      "camera_to_world": [
        -0.014577547754466342, 0.05866863954981305, 0.9981710704257264,
        0.1298663497459488, 0.999893442847677, 0.0000832478183328964,
        0.014597808740367537, 1.0305691669818187, 0.0007733380152697801,
        0.9982775084129536, -0.05866360153569916, 0.0009020922932312671, 0, 0,
        0, 1
      ],
      "fov": 90,
      "aspect": 1.6678200692041523
    },
    {
      "camera_to_world": [
        -0.0326124031532006, 0.059967685623728305, 0.9976674334874859,
        0.10834745074862182, 0.9994680561412769, 0.0017674626465331983,
        0.0325650246272107, 1.0280029271712698, 0.0001895092368217658,
        0.9981987541350305, -0.05999342738602589, 0.0012952288480555007, 0, 0,
        0, 1
      ],
      "fov": 90,
      "aspect": 1.6678200692041523
    },
    {
      "camera_to_world": [
        -0.04959998936790162, 0.06105998050745239, 0.9969009578865563,
        0.09265241367130432, 0.9987691572007265, 0.0031403080270833708,
        0.04950059686554992, 1.0260645026289752, -0.0001080706005405171,
        0.9981291585991888, -0.06114058451487628, 0.0016053642299005033, 0, 0,
        0, 1
      ],
      "fov": 90,
      "aspect": 1.6678200692041523
    },
    {
      "camera_to_world": [
        -0.06385156437851591, 0.06188061493166637, 0.9960390390050456,
        0.0810539882506557, 0.997959360490373, 0.0042634859660381635,
        0.0637097912181745, 1.0247320617057178, -0.00030419740667543554,
        0.9980744522244301, -0.06202656915259416, 0.0018599052643090334, 0, 0,
        0, 1
      ],
      "fov": 90,
      "aspect": 1.6678200692041523
    },
    {
      "camera_to_world": [
        -0.08012016242552204, 0.06273294439457026, 0.9948091964092893,
        0.06883246414835195, 0.9967850854504584, 0.005545992631136177,
        0.07992956517620747, 1.0234189305976218, -0.0005029875049912161,
        0.9980149395942544, -0.06297560916931796, 0.002149505768982251, 0, 0, 0,
        1
      ],
      "fov": 90,
      "aspect": 1.6678200692041523
    },
    {
      "camera_to_world": [
        -0.09838922960465775, 0.06360376021177726, 0.9931133476017351,
        0.056026635566487334, 0.9951477607085157, 0.006993165270190909,
        0.09814290599085924, 1.0221110807521874, -0.0007027479126818763,
        0.9979507289072074, -0.06398319169082366, 0.002471811223373524, 0, 0, 0,
        1
      ],
      "fov": 90,
      "aspect": 1.6678200692041523
    },
    {
      "camera_to_world": [
        -0.11863857166674609, 0.06447775217711646, 0.9908418182470201,
        0.04267529670715648, 0.9929370958393525, 0.008610126828943715,
        0.11832915710889777, 1.0207944836169152, -0.0009016756551334512,
        0.9978819996323092, -0.06504384514185091, 0.002824467106936211, 0, 0, 0,
        1
      ],
      "fov": 90,
      "aspect": 1.6678200692041523
    },
    {
      "camera_to_world": [
        -0.14084049932808243, 0.06533738692807425, 0.9878739695013871,
        0.02881724177245367, 0.9900316906382423, 0.010401280916051874,
        0.1404601896883579, 1.0194551106393068, -0.0010978529047802421,
        0.9978090194143949, -0.06615100524015473, 0.0032051188991236794, 0, 0,
        0, 1
      ],
      "fov": 90,
      "aspect": 1.6678200692041523
    },
    {
      "camera_to_world": [
        -0.1649557087640313, 0.06616285857818564, 0.9840793109759594,
        0.014491264964473293, 0.9863001328133741, 0.012369728312960725,
        0.16449631556294542, 1.018078933266862, -0.0012892472519544507,
        0.99773216143724, -0.06729689350405993, 0.0036114120793892942, 0, 0, 0,
        1
      ],
      "fov": 90,
      "aspect": 1.6678200692041523
    },
    {
      "camera_to_world": [
        -0.19092897613065288, 0.06693214762864147, 0.9793192603474714,
        -0.00026383951469025535, 0.9816027476666909, 0.014516610488084251,
        0.19038202066671153, 1.0166519229470825, -0.0014737187328396073,
        0.9976519210795692, -0.06847242159688448, 0.00404099212718642, 0, 0, 0,
        1
      ],
      "fov": 90,
      "aspect": 1.6678200692041523
    },
    {
      "camera_to_world": [
        -0.21868480895946973, 0.06762122725107027, 0.9734497028380147,
        -0.015409277462942603, 0.9757941560660724, 0.016840397653551765,
        0.21804166114339682, 1.0151600511274688, -0.0016490353731454716,
        0.9975689302659387, -0.06966713752127866, 0.004491504521968421, 0, 0, 0,
        1
      ],
      "fov": 90,
      "aspect": 1.6678200692041523
    },
    {
      "camera_to_world": [
        -0.24812327136026446, 0.06820445550214897, 0.9663244767981075,
        -0.03090625467818934, 0.96872677035724, 0.01933615428104235,
        0.24737533735368816, 1.0135892892555214, -0.001812898980047023,
        0.9974839674838263, -0.07086923175830986, 0.004960594743188662, 0, 0, 0,
        1
      ],
      "fov": 90,
      "aspect": 1.6678200692041523
    },
    {
      "camera_to_world": [
        -0.27911627748934, 0.06865518580680514, 0.9577998585833718,
        -0.04671597695833608, 0.9602553047703587, 0.021994832706889917,
        0.27825523713774325, 1.0119256087787414, -0.001962982648815694,
        0.9973979610947824, -0.07206562220012719, 0.005445908270300509, 0, 0, 0,
        1
      ],
      "fov": 90,
      "aspect": 1.6678200692041523
    },
    {
      "camera_to_world": [
        -0.311504717478994, 0.06894661414723822, 0.947740035761898,
        -0.06279965010128845, 0.9502422920811174, 0.024802663389278796,
        0.31052280790502734, 1.0101549811446295, -0.0020969808670005118,
        0.9973119834266657, -0.07324213531030792, 0.005945090582757325, 0, 0, 0,
        1
      ],
      "fov": 90,
      "aspect": 1.6678200692041523
    },
    {
      "camera_to_world": [
        -0.34509682623622956, 0.06905285856968753, 0.9360234416108585,
        -0.079118479904952, 0.9385644807916274, 0.027740725107312847,
        0.3439871619215804, 1.0082633778006866, -0.0022126721457686256,
        0.9972272333294329, -0.07438379654266179, 0.006455787160012473, 0, 0, 0,
        1
      ],
      "fov": 90,
      "aspect": 1.6678200692041523
    },
    {
      "camera_to_world": [
        -0.37966820948013913, 0.06895023518510342, 0.9225496820107112,
        -0.0956336721672324, 0.9251198429822154, 0.03078478537969224,
        0.3784251221968326, 1.006236770194413, -0.0023079927873799616,
        0.997145005531816, -0.0754752350923678, 0.006975643481519321, 0, 0, 0, 1
      ],
      "fov": 90,
      "aspect": 1.6678200692041523
    },
    {
      "camera_to_world": [
        -0.4149638849183099, 0.06861865750013497, 0.9072466335326811,
        -0.11230643268603527, 0.9098347676840995, 0.03390549572632496,
        0.4135832599039437, 1.0040611297733104, -0.002381118796827005,
        0.9970666463193077, -0.07650119653210703, 0.007502305026731234, 0, 0, 0,
        1
      ],
      "fov": 90,
      "aspect": 1.6678200692041523
    },
    {
      "camera_to_world": [
        -0.4507025673729967, 0.06804304822493824, 0.8900771535949275,
        -0.12909796725926614, 0.892670873381663, 0.037069004164280765,
        0.44918214651329125, 1.001722427984879, -0.0024305512561563843,
        0.9969934967283023, -0.07744714263330786, 0.008033417275101571, 0, 0, 0,
        1
      ],
      "fov": 90,
      "aspect": 1.6678200692041523
    },
    {
      "camera_to_world": [
        -0.4865832251022245, 0.06721462271045606, 0.8710447517452872,
        -0.1459694816848307, 0.8736307784453461, 0.040238007291412185,
        0.48492284512301015, 0.9992066362766197, -0.002455198993249141,
        0.9969268264336694, -0.07829990252098813, 0.008566625706083707, 0, 0, 0,
        1
      ],
      "fov": 90,
      "aspect": 1.6678200692041523
    },
    {
      "camera_to_world": [
        -0.5222936781538394, 0.06613188992353759, 0.8501975575686364,
        -0.16288218176063451, 0.8527621529058694, 0.043373209545864475,
        0.5204954132987506, 0.9964997260960333, -0.0024544514418274603,
        0.9968677634615493, -0.07904832597397667, 0.009099575799130994, 0, 0, 0,
        1
      ],
      "fov": 90,
      "aspect": 1.6678200692041523
    },
    {
      "camera_to_world": [
        -0.5575207347164947, 0.06480122789179249, 0.8276300086541667,
        -0.17979727328458323, 0.8301594630179409, 0.04643509580208385,
        0.5555889198315743, 0.9935876688906203, -0.0024282345323750412,
        0.9968172263467197, -0.07968388127776227, 0.009629913033696806, 0, 0, 0,
        1
      ],
      "fov": 90,
      "aspect": 1.6678200692041523
    },
    {
      "camera_to_world": [
        -0.5919611183423891, 0.06323692888047804, 0.8034818760847027,
        -0.19667596205458235, 0.8059630165430323, 0.04938586745575098,
        0.5899022394096323, 0.990456436107882, -0.00237704347543561,
        0.9967758659404874, -0.08020113928684261, 0.010155282889234504, 0, 0, 0,
        1
      ],
      "fov": 90,
      "aspect": 1.6678200692041523
    },
    {
      "camera_to_world": [
        -0.6253322805239425, 0.061460671571275896, 0.7779345247414676,
        -0.21347945386853748, 0.7803552011541682, 0.052191354847311536,
        0.6231547340033932, 0.9870919991953191, -0.0023019483840882524,
        0.9967440234730329, -0.0805980936773769, 0.01067333084519745, 0, 0, 0, 1
      ],
      "fov": 90,
      "aspect": 1.6678200692041523
    },
    {
      "camera_to_world": [
        -0.6573821600909167, 0.0595004526637613, 0.7512046270670915,
        -0.2301689545243546, 0.7535541357184858, 0.054822710772066095,
        0.6550958975029292, 0.9834803296004322, -0.0022045715607396724,
        0.996721709664443, -0.08087628421127968, 0.011181702381039021, 0, 0, 0,
        1
      ],
      "fov": 90,
      "aspect": 1.6678200692041523
    },
    {
      "camera_to_world": [
        -0.68789705829036, 0.05738908346860386, 0.7235358528048922,
        -0.2467056698199387, 0.7258052641486815, 0.05725771490576876,
        0.6855131454741274, 0.9796073987707223, -0.0020870384595649064,
        0.9967086069571204, -0.08104071253428717, 0.011678042976212562, 0, 0, 0,
        1
      ],
      "fov": 90,
      "aspect": 1.6678200692041523
    },
    {
      "camera_to_world": [
        -0.7167070292175628, 0.055162412720540184, 0.695189285369808,
        -0.26305080555319615, 0.697371654376798, 0.05948157288822413,
        0.7142371582034294, 0.9754591781536898, -0.0019519072476733503,
        0.9967040938561413, -0.08109956441624586, 0.012159998110171454, 0, 0, 0,
        1
      ],
      "fov": 90,
      "aspect": 1.6678200692041523
    },
    {
      "camera_to_world": [
        -0.7436884942318029, 0.05285746385556577, 0.6664334265791229,
        -0.2791655675220317, 0.6685238784370241, 0.06148716491322996,
        0.7411444882817737, 0.9710216391968359, -0.001802084002653817,
        0.9967072875552235, -0.08106377382997017, 0.012625213262369053, 0, 0, 0,
        1
      ],
      "fov": 90,
      "aspect": 1.6678200692041523
    },
    {
      "camera_to_world": [
        -0.7687641154976947, 0.0505106697427241, 0.6375346319731882,
        -0.2950111615243516, 0.6395303297912768, 0.0632747716264048,
        0.7661574645937264, 0.9662807533476612, -0.0016407315770109662,
        0.9967170990395258, -0.08094647912123433, 0.013071333912258731, 0, 0, 0,
        1
      ],
      "fov": 90,
      "aspect": 1.6678200692041523
    },
    {
      "camera_to_world": [
        -0.7919002488683898, 0.04815635472332599, 0.6087486848790259,
        -0.3105487933580614, 0.6106486972651816, 0.06485136553776089,
        0.7892417050031153, 0.9612224920536666, -0.001471179975148292,
        0.9967322939925489, -0.08076242778564673, 0.013496005539293853, 0, 0, 0,
        1
      ],
      "fov": 90,
      "aspect": 1.6678200692041523
    },
    {
      "camera_to_world": [
        -0.8131024974143785, 0.045825563013214554, 0.5803140067868625,
        -0.3257396688210662, 0.5821191002636408, 0.0662295944309564,
        0.8104017484740271, 0.9558328267623528, -0.0012968449213814001,
        0.9967515530943671, -0.08052738414487928, 0.013896873622927765, 0, 0, 0,
        1
      ],
      "fov": 90,
      "aspect": 1.6678200692041523
    },
    {
      "camera_to_world": [
        -0.832409985630073, 0.043545276443747755, 0.5524467618900297,
        -0.3405449937112723, 0.554159145755712, 0.06742659638645312,
        0.8296754156144666, 0.9500977289212208, -0.0011211595074487532,
        0.9967735264337511, -0.08025758532489578, 0.014271583642613855, 0, 0, 0,
        1
      ],
      "fov": 90,
      "aspect": 1.6678200692041523
    },
    {
      "camera_to_world": [
        -0.849888976012534, 0.041338014074357894, 0.525337888453474,
        -0.35492597382658464, 0.5269609384525578, 0.06846277701880729,
        0.8471275095923121, 0.9440031699777711, -0.0009475218024184923,
        0.996796878383586, -0.07996927814587725, 0.014617781077805474, 0, 0, 0,
        1
      ],
      "fov": 90,
      "aspect": 1.6678200692041523
    },
    {
      "camera_to_world": [
        -0.8656263764779787, 0.039221768536387785, 0.49915190996176984,
        -0.36884381496490937, 0.5006898931477751, 0.06936065516268243,
        0.8628433985463834, 0.9375351213795049, -0.0007792594397161845,
        0.9968203210149167, -0.07967835569616215, 0.014933111407955989, 0, 0, 0,
        1
      ],
      "fov": 90,
      "aspect": 1.6678200692041523
    },
    {
      "camera_to_world": [
        -0.8797235686901841, 0.03721021177038149, 0.4740272595864192,
        -0.38225972292415167, 0.4754850773405871, 0.07014385150209637,
        0.876922905005262, 0.9306795545739227, -0.0006196107028315495,
        0.9968426356433875, -0.07940009978659801, 0.015215220112518768, 0, 0, 0,
        1
      ],
      "fov": 90,
      "aspect": 1.6678200692041523
    },
    {
      "camera_to_world": [
        -0.8922908526926989, 0.03531309511033905, 0.45007779273661647,
        -0.3951349035022178, 0.4514607532007544, 0.07083626251974727,
        0.8894747957259053, 0.9234224410085249, -0.00047172062088107075,
        0.996862683234738, -0.0791490256016727, 0.015461752670947182, 0, 0, 0, 1
      ],
      "fov": 90,
      "aspect": 1.6678200692041523
    },
    {
      "camera_to_world": [
        -0.9034426748179125, 0.033536772195961684, 0.42739515466197314,
        -0.4074305624970127, 0.4287087806821728, 0.0714614344855429,
        0.9006120389753143, 0.915749752130813, -0.00033865005625938893,
        0.9968794050896752, -0.0789388182340904, 0.01567035456269458, 0, 0, 0, 1
      ],
      "fov": 90,
      "aspect": 1.6678200692041523
    },
    {
      "camera_to_world": [
        -0.9132936978019379, 0.03188478390322673, 0.4060516988151965,
        -0.419107905706442, 0.4073015733454115, 0.07204213144897403,
        0.9104478895832759, 0.9076474593882878, -0.00022339564661201863,
        0.9968918155204873, -0.07878234727812948, 0.01583867126721433, 0, 0, 0,
        1
      ],
      "fov": 90,
      "aspect": 1.6678200692041523
    },
    {
      "camera_to_world": [
        -0.9219556905079868, 0.030358458612159297, 0.38610370204212663,
        -0.4301281389284117, 0.38729534998489684, 0.07260007780428444,
        0.9190927812701436, 0.8991015342284499, -0.00012891864785661775,
        0.9968989882096911, -0.07869174471618086, 0.015964348263959805, 0, 0, 0,
        1
      ],
      "fov": 90,
      "aspect": 1.6678200692041523
    },
    {
      "camera_to_world": [
        -0.9295351597405905, 0.028957495802744145, 0.367594682011137,
        -0.4404524679608274, 0.3687334856247713, 0.07315584910863683,
        0.9266519510151593, 0.8900979480987995, -0.00005818110821792856,
        0.9969000377059017, -0.07867853224946585, 0.016045031032384367, 0, 0, 0,
        1
      ],
      "fov": 90,
      "aspect": 1.6678200692041523
    },
    {
      "camera_to_world": [
        -0.9361316146596208, 0.027680514362668322, 0.35055868147770824,
        -0.4500420986015943, 0.35164982558429264, 0.07372888296276399,
        0.9332236880746221, 0.8806226724468381, -0.000014188296918932197,
        0.9968940971545981, -0.07875378630269829, 0.016078365051941386, 0, 0, 0,
        1
      ],
      "fov": 90,
      "aspect": 1.6678200692041523
    },
    {
      "camera_to_world": [
        -0.9422613062542028, 0.02643729296685361, 0.3338333420686265,
        -0.45953319373455714, 0.3348785313152695, 0.07438917771707293,
        0.9393202965457021, 0.8698395523321153, -5.019415369213188e-7,
        0.9968787889102478, -0.0789473256075566, 0.016058579680660254, 0, 0, 0,
        1
      ],
      "fov": 90,
      "aspect": 1.6678200692041523
    },
    {
      "camera_to_world": [
        -0.9518236098803413, 0.024341086324492, 0.30567847027702066,
        -0.4751788176581768, 0.3066460606700426, 0.07586522266256465,
        0.9487953738640932, 0.848130226768788, -0.00009565511121376738,
        0.9968209365311822, -0.07967440833289309, 0.01589037727446688, 0, 0, 0,
        1
      ],
      "fov": 90,
      "aspect": 1.6678200692041523
    },
    {
      "camera_to_world": [
        -0.9601318941083665, 0.02229995323613463, 0.27865652334289037,
        -0.48950219211523444, 0.2795472092608432, 0.07773957893801309,
        0.9569795795423299, 0.823221901755519, -0.0003220409212771752,
        0.9967242697718397, -0.0808741388667501, 0.01556849529068357, 0, 0, 0, 1
      ],
      "fov": 90,
      "aspect": 1.6678200692041523
    },
    {
      "camera_to_world": [
        -0.9673571918219277, 0.020290669397465027, 0.2526031515357578,
        -0.5025793391556448, 0.2534159802436645, 0.0799557801984101,
        0.9640474128226298, 0.7954182250726229, -0.000635914724553259,
        0.996591873310367, -0.08248777887782399, 0.015105785150273271, 0, 0, 0,
        1
      ],
      "fov": 90,
      "aspect": 1.6678200692041523
    },
    {
      "camera_to_world": [
        -0.9736320477181029, 0.01829882243708282, 0.22738906911650356,
        -0.5144862808293236, 0.22812198178748921, 0.08246154537107127,
        0.9701342458445444, 0.7650228445004137, -0.000998539734993649,
        0.9964262374267505, -0.08446156691636006, 0.014515098274198902, 0, 0, 0,
        1
      ],
      "fov": 90,
      "aspect": 1.6678200692041523
    },
    {
      "camera_to_world": [
        -0.9790599925457568, 0.01631643781808641, 0.20291699005561709,
        -0.5252990391861856, 0.20356728098471052, 0.08520763559640279,
        0.9753461031595722, 0.7323394078192061, -0.001375902901661858,
        0.996229608420167, -0.08674487995383963, 0.013809286083423404, 0, 0, 0,
        1
      ],
      "fov": 90,
      "aspect": 1.6678200692041523
    },
    {
      "camera_to_world": [
        -0.9837228621750465, 0.01434033302977102, 0.17911919294908027,
        -0.5350936362761459, 0.1796839106920235, 0.08814673486526789,
        0.9797672404050941, 0.6976715628093141, -0.001738583491094564,
        0.9960042710657357, -0.08928868543246155, 0.013001199998909708, 0, 0, 0,
        1
      ],
      "fov": 90,
      "aspect": 1.6678200692041523
    },
    {
      "camera_to_world": [
        -0.9876865895910252, 0.01237100850485814, 0.15595563116034886,
        -0.5439460941491202, 0.15643193400153538, 0.09123240322309412,
        0.9834661654712266, 0.6613229572510516, -0.00206173872964832,
        0.9957527839532819, -0.09204424198557547, 0.012103691441620748, 0, 0, 0,
        1
      ],
      "fov": 90,
      "aspect": 1.6678200692041523
    },
    {
      "camera_to_world": [
        -0.9910059057752212, 0.010411939701179034, 0.13341246654751746,
        -0.5519324348550232, 0.1337979383130688, 0.09441812959797106,
        0.9865005466325869, 0.6235972389247325, -0.002325171349749833,
        0.9954781807326968, -0.09496202010969727, 0.011129611832519433, 0, 0, 0,
        1
      ],
      "fov": 90,
      "aspect": 1.6678200692041523
    },
    {
      "camera_to_world": [
        -0.9937282450364916, 0.00846917092850856, 0.1115008886084698,
        -0.5591286804437701, 0.1117938174479843, 0.09765650290991969,
        0.9889213061815442, 0.5847980556106724, -0.0025134432759562155,
        0.9951841440573641, -0.09799082620179296, 0.010091812592568732, 0, 0, 0,
        1
      ],
      "fov": 90,
      "aspect": 1.6678200692041523
    },
    {
      "camera_to_world": [
        -0.995897044642589, 0.00655113328918627, 0.09025607527908903,
        -0.5656108529652761, 0.09045569648377755, 0.10089851825624309,
        0.9907760877147416, 0.5452290550891848, -0.0026159980489262368,
        0.9948751538089199, -0.10107712346464018, 0.009003145142731565, 0, 0, 0,
        1
      ],
      "fov": 90,
      "aspect": 1.6678200692041523
    },
    {
      "camera_to_world": [
        -0.9975545463817183, 0.004668620625233965, 0.06973615256538003,
        -0.5714549744694563, 0.06984285602920116, 0.10409303561991456,
        0.9921121989962203, 0.5051938851405839, -0.002627252338203921,
        0.9945566066930976, -0.1041645507275031, 0.007876460903970855, 0, 0, 0,
        1
      ],
      "fov": 90,
      "aspect": 1.6678200692041523
    },
    {
      "camera_to_world": [
        -0.9987441421554294, 0.0028348618320603834, 0.05002101626925052,
        -0.5767370670062262, 0.05003651930250499, 0.10718640928033953,
        0.9929790634256482, 0.46499619354518373, -0.0025466146755139716,
        0.994234900425438, -0.10719364500619326, 0.006724611297249531, 0, 0, 0,
        1
      ],
      "fov": 90,
      "aspect": 1.6678200692041523
    },
    {
      "camera_to_world": [
        -0.9995122534375487, 0.0010656280684435096, 0.031210890166948738,
        -0.5815331526255006, 0.0311383766137941, 0.11012230547298639,
        0.9934301582593371, 0.42493962808329877, -0.002378388120369129,
        0.9939174725670809, -0.11010177562516814, 0.005560447743530533, 0, 0, 0,
        1
      ],
      "fov": 90,
      "aspect": 1.6678200692041523
    },
    {
      "camera_to_world": [
        -0.999909694544558, -0.0006206881383621414, 0.013424511240407798,
        -0.5859192533771946, 0.013268737876316087, 0.11284172315012023,
        0.9935243762040675, 0.3853278365352436, -0.002131513776299284,
        0.9936127818535481, -0.11282329717870743, 0.004396821663776806, 0, 0, 0,
        1
      ],
      "fov": 90,
      "aspect": 1.6678200692041523
    },
    {
      "camera_to_world": [
        -0.9999924431050432, -0.002203085564260003, -0.003203146391256966,
        -0.5899713913112239, -0.003435775677771708, 0.11528322792617922,
        0.9933267200696921, 0.34646446668133224, -0.001819114702075081,
        0.9933302188964741, -0.11528992605073322, 0.003246584478951268, 0, 0, 0,
        1
      ],
      "fov": 90,
      "aspect": 1.6678200692041523
    },
    {
      "camera_to_world": [
        -0.9998217299681965, -0.00365811972947917, -0.018523672515126693,
        -0.5937655884775032, -0.01882506538149387, 0.11738340308625836,
        0.9929082301971676, 0.30865316630187856, -0.0014578054689655421,
        0.993079933761595, -0.11743134148633773, 0.0021225876100168465, 0, 0, 0,
        1
      ],
      "fov": 90,
      "aspect": 1.6678200692041523
    },
    {
      "camera_to_world": [
        -0.9994633674953869, -0.0049602738251945154, -0.032378584255038076,
        -0.5973778669259476, -0.03273895381075857, 0.11907751507375389,
        0.9923450540549071, 0.27219758317719733, -0.0010667418424936863,
        0.9928725704174927, -0.11917600838424848, 0.0010376824779364854, 0, 0,
        0, 1
      ],
      "fov": 90,
      "aspect": 1.6678200692041523
    },
    {
      "camera_to_world": [
        -0.9989862617454165, -0.006082572223139204, -0.044603263995683,
        -0.6008842487064726, -0.04501116258941887, 0.1203003856045167,
        0.9917165988657008, 0.23740136508760273, -0.0006663979795858751,
        0.9927189025794538, -0.12045221614888582, 0.000004720503673115092, 0, 0,
        0, 1
      ],
      "fov": 90,
      "aspect": 1.6678200692041523
    },
    {
      "camera_to_world": [
        -0.9984601013100571, -0.006997449760628496, -0.05503146180829825,
        -0.6043607558689933, -0.05547386160477926, 0.12098745974365033,
        0.9911027622115843, 0.20456815981340848, -0.0002770750160299768,
        0.992629372062718, -0.12118932687249906, -0.0009634468918103458, 0, 0,
        0, 1
      ],
      "fov": 90,
      "aspect": 1.6678200692041523
    },
    {
      "camera_to_world": [
        -0.9979545964571743, -0.007682432268446576, -0.06346340397771774,
        -0.6078832251832673, -0.06392666026868885, 0.12108321674435303,
        0.9905817668066236, 0.17376610251869884, 0.00007427576931840709,
        0.9926126308169169, -0.12132666494150961, -0.0018649618634246396, 0, 0,
        0, 1
      ],
      "fov": 90,
      "aspect": 1.6678200692041523
    },
    {
      "camera_to_world": [
        -0.9976381520882576, -0.00816553432528867, -0.06820147760209655,
        -0.6111285993673273, -0.06868839545184267, 0.12073227875188625,
        0.9903058220558072, 0.1428817199509939, 0.00014774362261693944,
        0.9926515203819312, -0.1210080049222472, -0.002852028483197277, 0, 0, 0,
        1
      ],
      "fov": 90,
      "aspect": 1.6678200692041523
    },
    {
      "camera_to_world": [
        -0.9975897533768663, -0.008468268454950311, -0.0688692412246414,
        -0.6138906072367588, -0.06938782163919878, 0.12004560902540641,
        0.990340538381564, 0.11162237088368657, -0.00011901953490540265,
        0.9927322600697, -0.12034386420277585, -0.003957956864357075, 0, 0, 0, 1
      ],
      "fov": 90,
      "aspect": 1.6678200692041523
    },
    {
      "camera_to_world": [
        -0.9977780780240377, -0.008611502403427394, -0.06606624736590698,
        -0.6161936695168652, -0.06662180528796659, 0.11906365528861886,
        0.9906489696403491, 0.0800595134029834, -0.000664887080423766,
        0.9928492775923589, -0.11937281897275266, -0.005162409616680983, 0, 0,
        0, 1
      ],
      "fov": 90,
      "aspect": 1.6678200692041523
    },
    {
      "camera_to_world": [
        -0.9981374722346619, -0.008615144739318906, -0.060393425156390845,
        -0.618062206932949, -0.06098820325342044, 0.11782335859431395,
        0.9911599745921318, 0.04826460559509081, -0.0014232304519905669,
        0.9929971981081699, -0.11812933151594587, -0.0064450493499459615, 0, 0,
        0, 1
      ],
      "fov": 90,
      "aspect": 1.6678200692041523
    },
    {
      "camera_to_world": [
        -0.9985876244312434, -0.008497374659750513, -0.052445695311035476,
        -0.6195206402103138, -0.05307871842418651, 0.11635876891321545,
        0.9917879241790789, 0.016309105546215993, -0.002325077033576186,
        0.9931708974395557, -0.11664545638770155, -0.007785538673928936, 0, 0,
        0, 1
      ],
      "fov": 90,
      "aspect": 1.6678200692041523
    },
    {
      "camera_to_world": [
        -0.9990491010603386, -0.008274276890938905, -0.04280689211402136,
        -0.6205933900742618, -0.04347403760913887, 0.11470152542135746,
        0.9924482697450647, -0.01573552865743468, -0.003301775959778162,
        0.9933655401753908, -0.11495217208720185, -0.009163540198406867, 0, 0,
        0, 1
      ],
      "fov": 90,
      "aspect": 1.6678200692041523
    },
    {
      "camera_to_world": [
        -0.9994546972192574, -0.00795978638537193, -0.032046060710511394,
        -0.6213048772500966, -0.03274031099956936, 0.11288121035759809,
        0.9930689323424912, -0.04779783892965485, -0.004287218447200005,
        0.9935766070861888, -0.11308026180144373, -0.010558716533156714, 0, 0,
        0, 1
      ],
      "fov": 90,
      "aspect": 1.6678200692041523
    },
    {
      "camera_to_world": [
        -0.9997567970259775, -0.007565865361426336, -0.020714837235450697,
        -0.6216795224631209, -0.02142667409231785, 0.11092561349296676,
        0.9935977082846713, -0.07980636718423725, -0.005219620455554262,
        0.993799912433354, -0.11106074738519561, -0.011950730287955404, 0, 0, 0,
        1
      ],
      "fov": 90,
      "aspect": 1.6678200692041523
    },
    {
      "camera_to_world": [
        -0.9999310980707569, -0.007102849271206982, -0.00934604960617795,
        -0.6217417464386376, -0.010063946131161612, 0.10886095225643025,
        0.9940060412603599, -0.11168965533497562, -0.006042855225777119,
        0.9940316104662132, -0.10892493421924372, -0.013319244072579893, 0, 0,
