{
  "keyframes": [
    {
      "matrix": "[0.7168753522496734,0.6972013549448299,-1.1102230246251565e-16,0,-0.2690005477312567,0.2765913477397922,0.9225702854936144,0,0.6432172530779866,-0.6613678983883167,0.385829066199309,0,-1.021447379339348,-0.5200242609507394,0.003221569141284797,1]",
      "fov": 20,
      "aspect": 1.798176291793313
    },
    {
      "matrix": "[0.5461480626633015,0.8376886615259411,0,0,-0.07223333563967431,0.047093983876364535,0.9962753143107677,0,0.8345685345563232,-0.5441138327900975,0.08622933430672597,0,-0.6735730833508813,-0.7119038881046937,0.06278956280936077,1]",
      "fov": 20,
      "aspect": 1.798176291793313
    },
    {
      "matrix": "[0.3318450898888121,0.9433338943961922,2.7755575615628914e-16,0,-0.06852653715352224,0.024106199317723946,0.9973580123808103,0,0.9408416179264358,-0.3309683592698372,0.07264292904198523,0,0.06755473529093786,-0.3127212048018709,0.058713641229938475,1]",
      "fov": 20,
      "aspect": 1.798176291793313
    },
    {
      "matrix": "[-0.4308749729106675,0.9023384602867062,0.011491771258103583,0,-0.0729140546939103,-0.04750436502787394,0.9962062416645424,0,0.8994611155282508,0.42840242575260423,0.08626159784028732,0,0.1808259517035673,-0.050385807707519555,0.06376417416953697,1]",
      "fov": 59.99999999999999,
      "aspect": 1.798176291793313
    },
    {
      "matrix": "[-0.5113036412808151,0.8594001317273464,4.440892098500629e-16,0,-0.12033568409782769,-0.07159420994219493,0.9901482678041008,0,0.8509335517804476,0.506266414736128,0.14002288300324098,0,0.1375854532598081,0.17578979666557018,0.09060857247462266,1]",
      "fov": 60,
      "aspect": 1.798176291793313
    },
    {
      "matrix": "[0.9995314368911612,-0.030608931152373377,-5.204170427930421e-18,0,0.005971892901887058,0.1950115364521786,0.9807827675615682,0,-0.03002071220772627,-0.9803232089389046,0.1951029544990824,0,0.18871520866473407,0.3857873393985776,0.1387824909957017,1]",
      "fov": 59.99999999999999,
      "aspect": 1.798176291793313
    },
    {
      "matrix": "[0.3164179571487631,-0.9485169061088037,-0.013976953158205851,0,0.08796845264481597,0.014668731243119296,0.9960152507180774,0,-0.9445322798788194,-0.3163866418632436,0.08808101451175154,0,0.4449060009949779,0.23306637924058812,0.08710235375337214,1]",
      "fov": 50,
      "aspect": 1.798176291793313
    },
    {
      "matrix": "[-0.7794370065399814,0.6264806085075525,-5.551115123125783e-17,0,-0.052775097655768655,-0.06566023525398812,0.9964454438522037,0,0.6242537480091068,0.7766664539365646,0.08424059250851068,0,0.46888879717236454,0.018263529457952038,0.014712908394357488,1]",
      "fov": 60,
      "aspect": 1.798176291793313
    },
    {
      "matrix": "[-0.7623141632208082,0.6472071666421483,0,0,0.02261307930638023,0.026634857457968,0.9993894301084421,0,0.6468120014325963,0.7618487171448379,-0.034939476062513006,0,-0.25996794263880235,-0.8326590014133783,0.03871784064723302,1]",
      "fov": 29.999999999999996,
      "aspect": 1.798176291793313
    },
    {
      "matrix": "[-0.27765358435391585,0.9606812619674765,-1.6653345369377348e-16,0,0.07946647708902482,0.022967193254668894,0.996572921091609,0,0.957388931476901,0.2767020436111373,-0.08271887902370188,0,-0.36819707094038856,-0.541590993080749,0.07843934603245371,1]",
      "fov": 29.999999999999996,
      "aspect": 1.798176291793313
    }
  ],
  "render_height": 1080,
  "render_width": 1920,
  "camera_path": [
    {
      "camera_to_world": [
        0.7168753522496735,
        -0.2690005477312566,
        0.6432172530779866,
        -1.021447379339348,
        0.6972013549448298,
        0.27659134773979227,
        -0.6613678983883167,
        -0.5200242609507394,
        -1.3877787807814454e-16,
        0.9225702854936145,
        0.385829066199309,
        0.003221569141284797,
        0,
        0,
        0,
        1
      ],
      "fov": 20,
      "aspect": 1.798176291793313
    },
    {
      "camera_to_world": [
        0.7136538765041549,
        -0.2650465681263279,
        0.6484199729149683,
        -1.013950781961567,
        0.7004970203946298,
        0.2719243035458569,
        -0.6598189884804364,
        -0.5244421637337684,
        -0.0014383910588014193,
        0.9250986379114158,
        0.3797241645795081,
        0.0045511128524756105,
        0,
        0,
        0,
        1
      ],
      "fov": 20,
      "aspect": 1.798176291793313
    },
    {
      "camera_to_world": [
        0.7099360450780173,
        -0.26039146017354037,
        0.65436006859196,
        -1.0056448206972506,
        0.70425976403723,
        0.2664425958484391,
        -0.6580475118680795,
        -0.5298304721145757,
        -0.0029994428163101225,
        0.9280111155510137,
        0.3725404310360887,
        0.0061041908850820266,
        0,
        0,
        0,
        1
      ],
      "fov": 20,
      "aspect": 1.798176291793313
    },
    {
      "camera_to_world": [
        0.7057397578807546,
        -0.25507982796329515,
        0.6609581495924154,
        -0.9965807684339747,
        0.7084559875440408,
        0.2601979640837645,
        -0.6560389723176985,
        -0.5360980276784081,
        -0.004637656672503266,
        0.931252544078608,
        0.36434487959584144,
        0.007861830344189405,
        0,
        0,
        0,
        1
      ],
      "fov": 20,
      "aspect": 1.798176291793313
    },
    {
      "camera_to_world": [
        0.701084188140344,
        -0.24915672582970244,
        0.6681331357696736,
        -0.9868098980593158,
        0.713050620869116,
        0.25324294909250167,
        -0.6537788776131427,
        -0.5431536720105126,
        -0.006306601126024576,
        0.9347667809185106,
        0.35520598541336845,
        0.0098050583348831,
        0,
        0,
        0,
        1
      ],
      "fov": 20,
      "aspect": 1.798176291793313
    },
    {
      "camera_to_world": [
        0.6959905365660523,
        -0.242668210428918,
        0.6758027172612766,
        -0.97638348246085,
        0.7180068335155513,
        0.24563154063261092,
        -0.6512536627700618,
        -0.5509062466961359,
        -0.007959901724903186,
        0.9384973552939169,
        0.34519466112738983,
        0.011914901962248472,
        0,
        0,
        0,
        1
      ],
      "fov": 20,
      "aspect": 1.798176291793313
    },
    {
      "camera_to_world": [
        0.6904826665627798,
        -0.2356618198086088,
        0.68388390378839,
        -0.9653527945261537,
        0.7232858643857907,
        0.23741972701038325,
        -0.6484515645798188,
        -0.5592645933205254,
        -0.009552253977615055,
        0.9423881259389943,
        0.33438506924373473,
        0.014172388331370887,
        0,
        0,
        0,
        1
      ],
      "fov": 20,
      "aspect": 1.798176291793313
    },
    {
      "camera_to_world": [
        0.6845876009237983,
        -0.22818697136523902,
        0.6922936680055352,
        -0.9537691071428033,
        0.7288469833289969,
        0.22866593485173337,
        -0.6453634364686336,
        -0.5681375534689277,
        -0.011040450788780881,
        0.9463839581996001,
        0.3228552494676804,
        0.016558544547335692,
        0,
        0,
        0,
        1
      ],
      "fov": 20,
      "aspect": 1.798176291793313
    },
    {
      "camera_to_world": [
        0.6783358630826265,
        -0.22029527168691518,
        0.7009496773152383,
        -0.9416836931983747,
        0.7346475912545865,
        0.2194313491269562,
        -0.6419834886382657,
        -0.5774339687265899,
        -0.012384406315306962,
        0.9504314158805528,
        0.31068754430698586,
        0.019054397715228256,
        0,
        0,
        0,
        1
      ],
      "fov": 20,
      "aspect": 1.798176291793313
    },
    {
      "camera_to_world": [
        0.671761650389991,
        -0.2120407328761287,
        0.7097710987823257,
        -0.9291478255804445,
        0.740643458551557,
        0.20978010646332226,
        -0.6383099358752183,
        -0.5870626806787588,
        -0.013548150062049485,
        0.9544794573659464,
        0.2979688122879722,
        0.021640974940133936,
        0,
        0,
        0,
        1
      ],
      "fov": 20,
      "aspect": 1.798176291793313
    },
    {
      "camera_to_world": [
        0.6649028330225835,
        -0.20347989213075904,
        0.7186794529809497,
        -0.916212777176589,
        0.7467890938017999,
        0.19977935858936124,
        -0.6343455345947584,
        -0.5969325309106815,
        -0.014500759194917005,
        0.9584801204928968,
        0.2847904257567184,
        0.024299303327138082,
        0,
        0,
        0,
        1
      ],
      "fov": 20,
      "aspect": 1.798176291793313
    },
    {
      "camera_to_world": [
        0.6578007797855394,
        -0.1946718341475629,
        0.7275994853648264,
        -0.902929820874384,
        0.7530382268651038,
        0.1894992073760078,
        -0.6300979918105797,
        -0.606952361007605,
        -0.015217194005364199,
        0.9623891766813926,
        0.27124805918773787,
        0.027010409981326068,
        0,
        0,
        0,
        1
      ],
      "fov": 20,
      "aspect": 1.798176291793313
    },
    {
      "camera_to_world": [
        0.6505000207456281,
        -0.1856781192305354,
        0.736460018635736,
        -0.8893502295614062,
        0.7593443829508295,
        0.1790125181627324,
        -0.6255802318024934,
        -0.6170310125547758,
        -0.01567900159326656,
        0.9661667321844862,
        0.25744128365316593,
        0.029755322007783244,
        0,
        0,
        0,
        1
      ],
      "fov": 20,
      "aspect": 1.798176291793313
    },
    {
      "camera_to_world": [
        0.6430477656264817,
        -0.17656262368295136,
        0.7451947470567556,
        -0.8755252761252319,
        0.765661517944914,
        0.16839462355291976,
        -0.6208105111036382,
        -0.6270773271374412,
        -0.01587485625382326,
        0.9697777532386804,
        0.24347299288064272,
        0.032515066511594956,
        0,
        0,
        0,
        1
      ],
      "fov": 20,
      "aspect": 1.798176291793313
    },
    {
      "camera_to_world": [
        0.6354933053869976,
        -0.16739130290655607,
        0.7537429339765341,
        -0.861506233453437,
        0.7719446806623466,
        0.15772293521770384,
        -0.6158123786539369,
        -0.6370001463408484,
        -0.015800911537514957,
        0.9731924924790354,
        0.22944869530469342,
        0.035270670597846596,
        0,
        0,
        0,
        1
      ],
      "fov": 20,
      "aspect": 1.798176291793313
    },
    {
      "camera_to_world": [
        0.6278873315515662,
        -0.15823189133752563,
        0.7620499769967867,
        -0.8473443744335981,
        0.7781506653379486,
        0.14707648600784173,
        -0.610614485004813,
        -0.6467083117502439,
        -0.015460947938643263,
        0.9763867962172238,
        0.2154757138554226,
        0.03800316137162349,
        0,
        0,
        0,
        1
      ],
      "fov": 20,
      "aspect": 1.798176291793313
    },
    {
      "camera_to_world": [
        0.6202812129335508,
        -0.14915355660246976,
        0.7700678109325937,
        -0.8330909719532915,
        0.784238617822987,
        0.13653542840315788,
        -0.6052502516363437,
        -0.6561106649508749,
        -0.014866310799063216,
        0.9793422758890785,
        0.20166234021161622,
        0.04069356593801101,
        0,
        0,
        0,
        1
      ],
      "fov": 20,
      "aspect": 1.798176291793313
    },
    {
      "camera_to_world": [
        0.6127262718725619,
        -0.14022652777433922,
        0.7777551264154444,
        -0.818797298900093,
        0.7901705616183302,
        0.12618051766780516,
        -0.5997574180557147,
        -0.665116047527988,
        -0.01403564422903436,
        0.9820463318344187,
        0.18811699237878218,
        0.04332291140209453,
        0,
        0,
        0,
        1
      ],
      "fov": 20,
      "aspect": 1.798176291793313
    },
    {
      "camera_to_world": [
        0.6052731017632798,
        -0.131521719090879,
        0.7850773908916485,
        -0.8045146281615795,
        0.7959118147606004,
        0.11609260879011334,
        -0.5941774897358478,
        -0.6736333010668306,
        -0.012994437515585216,
        0.984492023122425,
        0.17494742353623827,
        0.04587222486895938,
        0,
        0,
        0,
        1
      ],
      "fov": 20,
      "aspect": 1.798176291793313
    },
    {
      "camera_to_world": [
        0.5979709645817126,
        -0.12311037079176729,
        0.7920066679774418,
        -0.7902942326253268,
        0.8014312751552136,
        0.10635219528613182,
        -0.5885551136137626,
        -0.6815712671526493,
        -0.011774409552274424,
        0.986677782845714,
        0.16226002624910812,
        0.04832253344369093,
        0,
        0,
        0,
        1
      ],
      "fov": 20,
      "aspect": 1.798176291793313
    },
    {
      "camera_to_world": [
        0.5908673017066325,
        -0.11506372776271576,
        0.798521239747116,
        -0.7761873851789115,
        0.8067015595198358,
        0.09703901531668879,
        -0.5829374094828984,
        -0.6888387873706912,
        -0.010412763427078739,
        0.9886069836187256,
        0.15015926977078908,
        0.05065486423137455,
        0,
        0,
        0,
        1
      ],
      "fov": 20,
      "aspect": 1.798176291793313
    },
    {
      "camera_to_world": [
        0.5840073842139997,
        -0.10745277448277817,
        0.8046050437571685,
        -0.7622453587099096,
        0.8116989888945545,
        0.08823174653439748,
        -0.5773732850860419,
        -0.6953447033062032,
        -0.008951346886349035,
        0.9902873624152956,
        0.1387472998997717,
        0.05285024433709559,
        0,
        0,
        0,
        1
      ],
      "fov": 20,
      "aspect": 1.798176291793313
    },
    {
      "camera_to_world": [
        0.5774341207460094,
        -0.10034804148970948,
        0.8102469418439434,
        -0.7485194261058975,
        0.8164034209567789,
        0.08000780597077778,
        -0.5719127601599836,
        -0.7009978565444321,
        -0.007435754726437989,
        0.9917303169475673,
        0.12812372145206496,
        0.0548897008659394,
        0,
        0,
        0,
        1
      ],
      "fov": 20,
      "aspect": 1.798176291793313
    },
    {
      "camera_to_world": [
        0.5711880327964172,
        -0.09381949441192648,
        0.8154398406126903,
        -0.7350608602544514,
        0.8207979355406185,
        0.07244326547744699,
        -0.5666063203841121,
        -0.7057070886706254,
        -0.00591440634535275,
        0.9929500872426844,
        0.11838557362418539,
        0.05675426092299137,
        0,
        0,
        0,
        1
      ],
      "fov": 20,
      "aspect": 1.798176291793313
    },
    {
      "camera_to_world": [
        0.5653073994920469,
        -0.08793651179948482,
        0.8201796839547285,
        -0.7219209340431477,
        0.8248683843828758,
        0.06561288712436433,
        -0.5615043165362041,
        -0.7093812412700293,
        -0.004437626068470833,
        0.9939628357920354,
        0.10962749900974633,
        0.058424951613336815,
        0,
        0,
        0,
        1
      ],
      "fov": 20,
      "aspect": 1.798176291793313
    },
    {
      "camera_to_world": [
        0.5598285671925931,
        -0.08276795274188335,
        0.8244643360109677,
        -0.7091509203595625,
        0.8286028190026793,
        0.059590276843951726,
        -0.5566564175921035,
        -0.7119291559278913,
        -0.003056745966129099,
        0.9947856376650092,
        0.1019420982691645,
        0.05988280004206112,
        0,
        0,
        0,
        1
      ],
      "fov": 20,
      "aspect": 1.798176291793313
    },
    {
      "camera_to_world": [
        0.5547864137512851,
        -0.07838230975244156,
        0.82829236905507,
        -0.6968020920912723,
        0.831990811793121,
        0.054448148695174406,
        -0.5521111194275041,
        -0.7132596742294581,
        -0.0018232412926548406,
        0.9954353884715675,
        0.09542045467114625,
        0.06110883331424964,
        0,
        0,
        0,
        1
      ],
      "fov": 20,
      "aspect": 1.798176291793313
    },
    {
      "camera_to_world": [
        0.5502149530957398,
        -0.0748479367004964,
        0.8316617652396506,
        -0.6849257221258531,
        0.8350226850850635,
        0.05025868646925475,
        -0.5479153035166259,
        -0.7132816377599767,
        -0.0007878979528008617,
        0.9959276333178348,
        0.09015280589505985,
        0.062084078534987736,
        0,
        0,
        0,
        1
      ],
      "fov": 20,
      "aspect": 1.798176291793313
    },
    {
      "camera_to_world": [
        0.5461480626633014,
        -0.0722333356396743,
        0.8345685345563232,
        -0.6735730833508813,
        0.8376886615259411,
        0.04709398387636456,
        -0.5441138327900975,
        -0.7119038881046937,
        4.85722573273506e-17,
        0.9962753143107677,
        0.08622933430672608,
        0.06278956280936077,
        0,
        0,
        0,
        1
      ],
      "fov": 20,
      "aspect": 1.798176291793313
    },
    {
      "camera_to_world": [
        0.5442244257165496,
        -0.07121507433061605,
        0.8359115908046596,
        -0.667719808272814,
        0.8389396164316223,
        0.04583260023757536,
        -0.5422911512619629,
        -0.7105970734266858,
        0.0003073028706503944,
        0.9964074397271165,
        0.08468836768646715,
        0.06305330865399728,
        0,
        0,
        0,
        1
      ],
      "fov": 19.99655614533067,
      "aspect": 1.798176291793313
    },
    {
      "camera_to_world": [
        0.5421915747237479,
        -0.07025383575081283,
        0.8373127819762938,
        -0.661059454087212,
        0.8402546904381658,
        0.0446295926857253,
        -0.5403519729337245,
        -0.7087595403962366,
        0.0005928703439600364,
        0.9965302795294301,
        0.08322890414844585,
        0.06329068965325374,
        0,
        0,
        0,
        1
      ],
      "fov": 19.986470570941904,
      "aspect": 1.798176291793313
    },
    {
      "camera_to_world": [
        0.540051911465341,
        -0.069348361696442,
        0.8387697763109082,
        -0.6536221167310694,
        0.8416312717586355,
        0.043483513093096844,
        -0.5382991607712428,
        -0.7064091404229103,
        0.0008575083517460419,
        0.9966443642639544,
        0.08184910421210946,
        0.06350249079887661,
        0,
        0,
        0,
        1
      ],
      "fov": 19.970112261262575,
      "aspect": 1.798176291793313
    },
    {
      "camera_to_world": [
        0.5378078425716215,
        -0.06849738744713553,
        0.8402802106329621,
        -0.6454378921413796,
        0.8430667293579144,
        0.04239291031957873,
        -0.5361355528263216,
        -0.7035637249162705,
        0.0011019610734488636,
        0.9967501939139783,
        0.08054710804392327,
        0.06368949708261244,
        0,
        0,
        0,
        1
      ],
      "fov": 19.947850200721533,
      "aspect": 1.798176291793313
    },
    {
      "camera_to_world": [
        0.5354617790619975,
        -0.06769964323743852,
        0.8418416962049838,
        -0.636536876255136,
        0.8445584186165034,
        0.04135633027894811,
        -0.5338639634680821,
        -0.7002411452858811,
        0.0013269166332708568,
        0.9968482393280244,
        0.07932103782015366,
        0.06385249349620772,
        0,
        0,
        0,
        1
      ],
      "fov": 19.920053373747628,
      "aspect": 1.798176291793313
    },
    {
      "camera_to_world": [
        0.5330161359348371,
        -0.06695385561210027,
        0.8434518243810784,
        -0.6269491650093326,
        0.846103686734244,
        0.04037231596787026,
        -0.531487184603835,
        -0.6964592529413062,
        0.0015330126600573354,
        0.996938943627976,
        0.0781689999304048,
        0.06399226503140899,
        0,
        0,
        0,
        1
      ],
      "fov": 19.887090764769724,
      "aspect": 1.798176291793313
    },
    {
      "camera_to_world": [
        0.5304733317888706,
        -0.06625874866869794,
        0.8451081720618213,
        -0.616704854340963,
        0.8476998778840604,
        0.03943940745757875,
        -0.5290079868723574,
        -0.6922358992921097,
        0.0017208417022336405,
        0.9970227235947301,
        0.0770890870330065,
        0.06410959667996273,
        0,
        0,
        0,
        1
      ],
      "fov": 19.849331358216684,
      "aspect": 1.798176291793313
    },
    {
      "camera_to_world": [
        0.5278357884590692,
        -0.06561304519103939,
        0.8468083069517865,
        -0.6058340401870205,
        0.8493443381252042,
        0.03855614184856826,
        -0.5264291207944445,
        -0.6875889357478554,
        0.0018909564911860077,
        0.9970999710292403,
        0.07607937997274118,
        0.06420527343361546,
        0,
        0,
        0,
        1
      ],
      "fov": 19.807144138517355,
      "aspect": 1.798176291793313
    },
    {
      "camera_to_world": [
        0.5251059306517902,
        -0.06501546767671547,
        0.8485497926209724,
        -0.5943668184844986,
        0.8510344200848212,
        0.03772105318897684,
        -0.5237533178674925,
        -0.6825362137181071,
        0.0020438750474354728,
        0.9971710540870571,
        0.07513794957076032,
        0.06428008028411368,
        0,
        0,
        0,
        1
      ],
      "fov": 19.760898090100596,
      "aspect": 1.798176291793313
    },
    {
      "camera_to_world": [
        0.5222861855657993,
        -0.06446473926208082,
        0.8503301933713746,
        -0.5823332851703914,
        0.8527674874159991,
        0.036932672357654475,
        -0.5209832915926634,
        -0.6770955846124288,
        0.0021800856248157256,
        0.9972363185847144,
        0.07426285829588296,
        0.06433480222320392,
        0,
        0,
        0,
        1
      ],
      "fov": 19.710962197395272,
      "aspect": 1.798176291793313
    },
    {
      "camera_to_world": [
        0.5193789824875279,
        -0.06395958454783673,
        0.8521470789099075,
        -0.5697635361816921,
        0.8545409190397906,
        0.03618952691320889,
        -0.5181217384248882,
        -0.6712848998403845,
        0.002300051488636344,
        0.9972960892765331,
        0.073452161825799,
        0.06437022424263267,
        0,
        0,
        0,
        1
      ],
      "fov": 19.657705444830228,
      "aspect": 1.798176291793313
    },
    {
      "camera_to_world": [
        0.5163867523506142,
        -0.06349873032827588,
        0.8539980288288037,
        -0.5566876674553946,
        0.8563521131780417,
        0.03549014091058731,
        -0.5151713386375928,
        -0.6651220108115382,
        0.0024042155245073494,
        0.9973506711006132,
        0.07270391050602548,
        0.06438713133414645,
        0,
        0,
        0,
        1
      ],
      "fov": 19.601496816834327,
      "aspect": 1.798176291793313
    },
    {
      "camera_to_world": [
        0.5133119272513855,
        -0.0630809062271333,
        0.8558806368945567,
        -0.5431357749284923,
        0.8581984911832217,
        0.03483303468699666,
        -0.5121347570955679,
        -0.6586247689354534,
        0.002493004675124321,
        0.9974003503929895,
        0.0720161507137927,
        0.06438630848949178,
        0,
        0,
        0,
        1
      ],
      "fov": 19.542705297836434,
      "aspect": 1.798176291793313
    },
    {
      "camera_to_world": [
        0.5101569399134819,
        -0.06270484524286664,
        0.8577925151463961,
        -0.5291379545379788,
        0.8600775011708464,
        0.03421672461917979,
        -0.5090146439308483,
        -0.6518110256216944,
        0.0025668342028788635,
        0.9974453960690799,
        0.0713869261333724,
        0.06436854070041517,
        0,
        0,
        0,
        1
      ],
      "fov": 19.48169987226539,
      "aspect": 1.798176291793313
    },
    {
      "camera_to_world": [
        0.5069242230962862,
        -0.062369284206071796,
        0.8597312978052206,
        -0.5147243022208481,
        0.8619866214595,
        0.0336397228542587,
        -0.505813635117842,
        -0.6446986322798248,
        0.002626111776671211,
        0.9974860607717336,
        0.07081427894870865,
        0.0643346129586631,
        0,
        0,
        0,
        1
      ],
      "fov": 19.418849524550062,
      "aspect": 1.798176291793313
    },
    {
      "camera_to_world": [
        0.5036162089432094,
        -0.0620729641516234,
        0.8616946449938638,
        -0.4999249139140931,
        0.8639233638229435,
        0.03310053701652107,
        -0.502534352945217,
        -0.6373054403194088,
        0.002671241381770346,
        0.9975225819853148,
        0.07029625095857618,
        0.06428531025598212,
        0,
        0,
        0,
        1
      ],
      "fov": 19.35452323911931,
      "aspect": 1.798176291793313
    },
    {
      "camera_to_world": [
        0.5002353282672002,
        -0.0618146306080175,
        0.8636802462695329,
        -0.484769885554708,
        0.865885276558289,
        0.032597669892668525,
        -0.4991794063832604,
        -0.6296493011500099,
        0.0027026270519978045,
        0.9975551831153819,
        0.06983088461887656,
        0.06422141758411873,
        0,
        0,
        0,
        1
      ],
      "fov": 19.28909000040198,
      "aspect": 1.798176291793313
    },
    {
      "camera_to_world": [
        0.4967840097720605,
        -0.061593033806286675,
        0.8656858239692568,
        -0.4692893130796861,
        0.8678699473737929,
        0.03212961909816321,
        -0.4957513913465268,
        -0.6217480661811924,
        0.002720676423908494,
        0.9975840745336427,
        0.06941622401608873,
        0.0641437199348194,
        0,
        0,
        0,
        1
      ],
      "fov": 19.222918792826942,
      "aspect": 1.798176291793313
    },
    {
      "camera_to_world": [
        0.49326467920932165,
        -0.0614069288107557,
        0.8677091363691845,
        -0.4535132924260211,
        0.869875006099418,
        0.03169487672740291,
        -0.492252890852631,
        -0.6136195868225198,
        0.0027258041130136627,
        0.9976094545879491,
        0.06905031577532404,
        0.06405300229983069,
        0,
        0,
        0,
        1
      ],
      "fov": 19.156378600823043,
      "aspect": 1.798176291793313
    },
    {
      "camera_to_world": [
        0.4896797584714883,
        -0.06125507557380942,
        0.8697479806586226,
        -0.4374719195307068,
        0.8718981272229753,
        0.03129192899052683,
        -0.4886864750789816,
        -0.6052817144835566,
        0.0027184349124378324,
        0.9976315105771764,
        0.06873120990589439,
        0.0639500496708991,
        0,
        0,
        0,
        1
      ],
      "fov": 19.089838408819148,
      "aspect": 1.798176291793313
    },
    {
      "camera_to_world": [
        0.4860316646234604,
        -0.06113623891675235,
        0.8718001957297681,
        -0.42119529033073627,
        0.8739370322543624,
        0.030919255839702415,
        -0.4850547013201262,
        -0.5967523005738662,
        0.0026990068147298464,
        0.9976504196909021,
        0.06845696058678939,
        0.06383564703977113,
        0,
        0,
        0,
        1
      ],
      "fov": 19.02366720124411,
      "aspect": 1.798176291793313
    },
    {
      "camera_to_world": [
        0.48232280887485324,
        -0.06104918843875482,
        0.8738636647841819,
        -0.40471350076310386,
        0.8759894919201745,
        0.030575330587772277,
        -0.4813601138491668,
        -0.5880491965030126,
        0.0026679738578596866,
        0.9976663499138466,
        0.06822562689397536,
        0.06371057939819329,
        0,
        0,
        0,
        1
      ],
      "fov": 18.95823396252678,
      "aspect": 1.798176291793313
    },
    {
      "camera_to_world": [
        0.47855559549676907,
        -0.060992698355796335,
        0.8759363177571825,
        -0.38805664676480267,
        0.8780533281907745,
        0.030258619522145785,
        -0.4776052436874183,
        -0.5791902536805598,
        0.0026258087967293287,
        0.9976794608950778,
        0.06803527347097359,
        0.06357563173791209,
        0,
        0,
        0,
        1
      ],
      "fov": 18.893907677096028,
      "aspect": 1.798176291793313
    },
    {
      "camera_to_world": [
        0.4747324206873303,
        -0.06096554727143934,
        0.8780161335614749,
        -0.3712548242728265,
        0.88012641614175,
        0.029967581516808492,
        -0.47379260828712044,
        -0.5701933235160718,
        0.0025730056018104727,
        0.9976899047820056,
        0.06788397114375173,
        0.06343158905067404,
        0,
        0,
        0,
        1
      ],
      "fov": 18.8310573293807,
      "aspect": 1.798176291793313
    },
    {
      "camera_to_world": [
        0.4708556713909655,
        -0.06096651788118961,
        0.8801011421515176,
        -0.3543381292241688,
        0.8822066856516033,
        0.02970066764528952,
        -0.4699247111325785,
        -0.561076257419112,
        0.0025100817867952825,
        0.9976978270192166,
        0.06776979748056622,
        0.06327923632822569,
        0,
        0,
        0,
        1
      ],
      "fov": 18.770051903809662,
      "aspect": 1.798176291793313
    },
    {
      "camera_to_world": [
        0.4669277240770434,
        -0.06099439661212403,
        0.882189426410312,
        -0.3373366575558231,
        0.8842921229374431,
        0.02945632079737904,
        -0.4660040412656011,
        -0.5518569067992449,
        0.0024375805674087298,
        0.9977033671121917,
        0.067690837297027,
        0.06311935856231349,
        0,
        0,
        0,
        1
      ],
      "fov": 18.71126038481176,
      "aspect": 1.798176291793313
    },
    {
      "camera_to_world": [
        0.4629509434839818,
        -0.061047973199391294,
        0.8842791238605249,
        -0.32028050520478335,
        0.886380771930438,
        0.02923297530232049,
        -0.4620330727415248,
        -0.542553123066034,
        0.0023560728537846865,
        0.9977066593559553,
        0.06764518310631835,
        0.06295274074468396,
        0,
        0,
        0,
        1
      ],
      "fov": 18.655051756815862,
      "aspect": 1.798176291793313
    },
    {
      "camera_to_world": [
        0.4589276813354192,
        -0.061126040201114444,
        0.886368428202081,
        -0.3031997681080428,
        0.8884707354928044,
        0.029029056561121945,
        -0.458014264022472,
        -0.5331827576290434,
        0.0022661590790505034,
        0.9977078335286853,
        0.06763093551419729,
        0.06278016786708365,
        0,
        0,
        0,
        1
      ],
      "fov": 18.60179500425082,
      "aspect": 1.798176291793313
    },
    {
      "camera_to_world": [
        0.45486027503542736,
        -0.061227392453143924,
        0.8884555906786135,
        -0.2861245422025953,
        0.8905601764781504,
        0.02884298069053436,
        -0.4539500573147789,
        -0.5237636618978371,
        0.0021684708669986005,
        0.9977070155502937,
        0.0676462035581068,
        0.06260242492125903,
        0,
        0,
        0,
        1
      ],
      "fov": 18.551859111545493,
      "aspect": 1.798176291793313
    },
    {
      "camera_to_world": [
        0.450751046350072,
        -0.06135082646502688,
        0.8905389212754113,
        -0.2690849234254344,
        0.8926473186370725,
        0.028673154181136442,
        -0.44984287785775806,
        -0.5143136872819787,
        0.002063672541946803,
        0.997704328105959,
        0.06768910498947876,
        0.06242029689895663,
        0,
        0,
        0,
        1
      ],
      "fov": 18.505613063128738,
      "aspect": 1.798176291793313
    },
    {
      "camera_to_world": [
        0.44660230008288193,
        -0.061495139758468265,
        0.8926167897517759,
        -0.2521110077135539,
        0.8947304473700042,
        0.028517973571845115,
        -0.4456951331711262,
        -0.5048506851910324,
        0.001952462484101157,
        0.9976998912345546,
        0.0677577664980641,
        0.062234568791922976,
        0,
        0,
        0,
        1
      ],
      "fov": 18.463425843429405,
      "aspect": 1.798176291793313
    },
    {
      "camera_to_world": [
        0.4424163227520006,
        -0.06165913014946327,
        0.8946876265109567,
        -0.23523289100394698,
        0.8968079103294431,
        0.02837582514304082,
        -0.4415092122685429,
        -0.4953925070345619,
        0.0018355743339359726,
        0.9976938228818814,
        0.06785032387690919,
        0.062046025591904544,
        0,
        0,
        0,
        1
      ],
      "fov": 18.425666436876362,
      "aspect": 1.798176291793313
    },
    {
      "camera_to_world": [
        0.4381953812769272,
        -0.061841594975176245,
        0.8967499233111172,
        -0.21848066923360773,
        0.8988781178738118,
        0.028245084630357575,
        -0.43728748484476176,
        -0.4859570042221314,
        0.0017137780492941061,
        0.997686239418561,
        0.0679649221263996,
        0.06185545229064786,
        0,
        0,
        0,
        1
      ],
      "fov": 18.392703827898462,
      "aspect": 1.798176291793313
    },
    {
      "camera_to_world": [
        0.43394172168285244,
        -0.06204133026652524,
        0.8988022338210345,
        -0.20188443833952927,
        0.9009395433753734,
        0.028124116961041282,
        -0.43303230044389923,
        -0.4765620281633043,
        0.0015878808190851884,
        0.9976772561224004,
        0.06809971549560812,
        0.06166363387989943,
        0,
        0,
        0,
        1
      ],
      "fov": 18.36490700092456,
      "aspect": 1.798176291793313
    },
    {
      "camera_to_world": [
        0.4296575678306346,
        -0.0622571298673083,
        0.9008431740245073,
        -0.1854742942587054,
        0.9029907233847752,
        0.028011276014628876,
        -0.4287459876162958,
        -0.46722543026764474,
        0.0014587278376202578,
        0.9976669876249877,
        0.06825286745901864,
        0.061471355351405785,
        0,
        0,
        0,
        1
      ],
      "fov": 18.342644940383515,
      "aspect": 1.798176291793313
    },
    {
      "camera_to_world": [
        0.4253451201804555,
        -0.062487784500567516,
        0.9028714224776885,
        -0.16928033292812975,
        0.9050302576549694,
        0.027904904409543924,
        -0.4244308530713504,
        -0.4579650619447167,
        0.0013272029437657352,
        0.9976555483222178,
        0.06842255062653839,
        0.06127940169691339,
        0,
        0,
        0,
        1
      ],
      "fov": 18.326286630704185,
      "aspect": 1.798176291793313
    },
    {
      "camera_to_world": [
        0.4210065545971551,
        -0.06273208078273693,
        0.9048857204238008,
        -0.15333265028479592,
        0.907056809027428,
        0.02780333331704642,
        -0.4200891808335958,
        -0.44879877460408407,
        0.0011942291292283034,
        0.9976430527483913,
        0.06860694658456619,
        0.0610885579081688,
        0,
        0,
        0,
        1
      ],
      "fov": 18.316201056315425,
      "aspect": 1.798176291793313
    },
    {
      "camera_to_world": [
        0.41664402120516014,
        -0.06298880018595508,
        0.906884871769911,
        -0.13766134226569754,
        0.9090691031837413,
        0.027704882303814717,
        -0.41572323140911926,
        -0.4397444196553108,
        0.0010607689203930952,
        0.9976296159134741,
        0.0688042456657431,
        0.060899608976918505,
        0,
        0,
        0,
        1
      ],
      "fov": 18.312757201646093,
      "aspect": 1.798176291793313
    },
    {
      "camera_to_world": [
        0.4122596433008081,
        -0.06325671794874016,
        0.9088677429306444,
        -0.12229650480782833,
        0.9110659282658589,
        0.027607859204278124,
        -0.4113352409692435,
        -0.4308198485079606,
        0.0009278246382292271,
        0.9976153536030358,
        0.06901264664487522,
        0.06071333989490902,
        0,
        0,
        0,
        1
      ],
      "fov": 18.316324051125044,
      "aspect": 1.798176291793313
    },
    {
      "camera_to_world": [
        0.4078555163297293,
        -0.0635346019350296,
        0.9108332625439012,
        -0.10726823384818163,
        0.9130461343683904,
        0.027510560023661864,
        -0.40692742055816766,
        -0.42204291257159754,
        0.0007964385408498062,
        0.9976003826403343,
        0.06923035635838386,
        0.06053053565388686,
        0,
        0,
        0,
        1
      ],
      "fov": 18.32727058918114,
      "aspect": 1.798176291793313
    },
    {
      "camera_to_world": [
        0.40343370693678404,
        -0.06382121144136865,
        0.9127804210637962,
        -0.09260662532375169,
        0.9150086329065419,
        0.027411268872551384,
        -0.4025019553310245,
        -0.4134314632557856,
        0.0006676928533652544,
        0.997584821109941,
        0.06945558924450035,
        0.06035198124559853,
        0,
        0,
        0,
        1
      ],
      "fov": 18.34596580024323,
      "aspect": 1.798176291793313
    },
    {
      "camera_to_world": [
        0.39899625209587236,
        -0.06411529595179906,
        0.9147082702361778,
        -0.07834177517153118,
        0.9169523958634058,
        0.02730825793363381,
        -0.39806100382854676,
        -0.40500335197008847,
        0.0005427096896999314,
        0.9975687885422455,
        0.06968656680128074,
        0.06017846166179054,
        0,
        0,
        0,
        1
      ],
      "fov": 18.372778668740178,
      "aspect": 1.798176291793313
    },
    {
      "camera_to_world": [
        0.3945451583267385,
        -0.06441559383974467,
        0.9166159224621849,
        -0.06450377932851409,
        0.918876454920448,
        0.027199787461131098,
        -0.3936066972942652,
        -0.39677643012407005,
        0.0004226508710506587,
        0.997552406058119,
        0.06992151695936565,
        0.0600107618942094,
        0,
        0,
        0,
        1
      ],
      "fov": 18.408078179100844,
      "aspect": 1.798176291793313
    },
    {
      "camera_to_world": [
        0.3900824010056891,
        -0.06472083101591514,
        0.9185025500553857,
        -0.05112273373169429,
        0.9207799004751636,
        0.02708410581330183,
        -0.38914113903986275,
        -0.3887685491272943,
        0.00030871764565206655,
        0.9975357964729402,
        0.07015867336624915,
        0.05984966693460161,
        0,
        0,
        0,
        1
      ],
      "fov": 18.45223331575408,
      "aspect": 1.798176291793313
    },
    {
      "camera_to_world": [
        0.3856099237769398,
        -0.06502971952095433,
        0.9203673843980829,
