{
    "keyframes": [
        {
            "matrix": "[0.03871940596928451,0.999250155031197,-1.6653345908350254e-16,0,0.048468042997866986,-0.0018780620887792656,0.9988229486229715,0,0.9980739592677988,-0.03867383019325559,-0.04850441561635008,0,0.4483894695235361,0.985300560475246,-0.0018124304538501418,1]",
            "fov": 90,
            "aspect": 1.64106463878327,
            "properties": "[[\"FOV\",50],[\"NAME\",\"Camera 0\"],[\"TIME\",0]]"
        },
        {
            "matrix": "[-0.04250619107677027,0.9990962358294769,1.1102230605566831e-16,0,0.06061854344973198,0.0025789941932175143,0.9981576538724346,0,0.9972555277780434,0.042427878812801266,-0.06067338016117365,0,0.09886090240700862,1.026824333019806,0.0014790128418138149,1]",
            "fov": 90,
            "aspect": 1.64106463878327,
            "properties": "[[\"FOV\",50],[\"NAME\",\"Camera 1\"],[\"TIME\",0.09000000000000002]]"
        },
        {
            "matrix": "[-0.9413840413798051,0.33733685147625253,2.7755576513917097e-17,0,0.026619036001947795,0.07428401486373683,0.9968817748676074,0,0.3362849501332348,0.938448568622858,-0.07890936578250662,0,-0.45813990710361285,0.8715275997818651,0.016065378470916415,1]",
            "fov": 90,
            "aspect": 1.64106463878327,
            "properties": "[[\"FOV\",50],[\"NAME\",\"Camera 3\"],[\"TIME\",0.18981481481481483]]"
        },
        {
            "matrix": "[-0.9980690970374152,-0.06211394583671139,1.040834119271891e-17,0,-0.007537336553749132,0.12111261950808609,0.9926101364376169,0,-0.06165493058422935,0.990693475791656,-0.12134693322495597,0,-0.6070296972312124,0.18111462004059653,-0.0016480120701769796,1]",
            "fov": 90,
            "aspect": 1.64106463878327,
            "properties": "[[\"FOV\",50],[\"NAME\",\"Camera 4\"],[\"TIME\",0.287037037037037]]"
        },
        {
            "matrix": "[-0.9999563896749744,-0.009342562639667098,0,0,-0.0008128603368286429,0.08700234818592735,0.9962077552766524,0,-0.009307133104087411,0.9961642833918755,-0.08700614583082043,0,-0.6102035713416528,-0.4131466238121631,-0.021211634679267413,1]",
            "fov": 90,
            "aspect": 1.64106463878327,
            "properties": "[[\"FOV\",50],[\"NAME\",\"Camera 5\"],[\"TIME\",0.40277777777777773]]"
        },
        {
            "matrix": "[-0.3168630998333937,-0.9484713178016815,3.3306691816700504e-16,0,0.011772700423260316,-0.003932996474969696,0.9999229450655743,0,-0.9483982077575176,0.31683867539926686,0.01241228980354232,0,-0.5333432495851009,-0.9148086570298789,0.00487153117325009,1]",
            "fov": 90,
            "aspect": 1.64106463878327,
            "properties": "[[\"FOV\",50],[\"NAME\",\"Camera 6\"],[\"TIME\",0.5324074074074074]]"
        },
        {
            "matrix": "[-0.009615040606407249,-0.9999538067944056,-3.330669181670051e-16,0,0.01850430306928644,-0.0001779278444625556,0.9998287453933007,0,-0.9997825330598752,0.009613393726419945,0.018505158579196757,0,0.029345606325743012,-0.961183625131298,-0.0056619750552279954,1]",
            "fov": 90,
            "aspect": 1.64106463878327,
            "properties": "[[\"FOV\",50],[\"NAME\",\"Camera 7\"],[\"TIME\",0.6435185185185185]]"
        },
        {
            "matrix": "[0.908652410970108,-0.4150915124210677,-0.04527578914481766,0,0.03736203448569574,-0.02717074732609428,0.9989323249720026,0,-0.41587849535853466,-0.9093738364836104,-0.00918010141564812,0,0.47101982199802284,-0.9557406405665245,0.004887192577831531,1]",
            "fov": 90,
            "aspect": 1.64106463878327,
            "properties": "[[\"FOV\",50],[\"NAME\",\"Camera 8\"],[\"TIME\",0.7592592592592593]]"
        },
        {
            "matrix": "[0.9988053939256921,-0.048865629980881564,6.938894128479271e-18,0,0.0032839840150091283,0.06712409006166888,0.997739210910106,0,-0.04875515377919068,-0.9965472786370432,0.06720437534617985,0,0.5472119611411764,-0.20482444699035673,0.009786162181764466,1]",
            "fov": 90,
            "aspect": 1.64106463878327,
            "properties": "[[\"FOV\",50],[\"NAME\",\"Camera 9\"],[\"TIME\",0.875]]"
        },
        {
            "matrix": "[0.9999982369336172,0.0018949559737802665,-5.42101103787443e-19,0,-0.00012734932772738735,0.06720425432788267,0.997739210910106,0,0.0018906718268566192,-0.9977374248463232,0.06720437534618086,0,0.562901433479576,0.5787400969731158,0.0016120796105722965,1]",
            "fov": 90,
            "aspect": 1.64106463878327,
            "properties": "[[\"FOV\",50],[\"NAME\",\"Camera 10\"],[\"TIME\",1]]"
        }
    ],
    "camera_type": "perspective",
    "render_height": 1080,
    "render_width": 1920,
    "camera_path": [
        {
            "camera_to_world": [
                -0.00016180219245143235,
                -0.9988229870796204,
                0.048504628241062164,
                -2.8721470832824707,
                0.9992438554763794,
                -0.00204739673063159,
                -0.03882736340165138,
                105.29507446289062,
                0.03888097032904625,
                0.048461638391017914,
                0.9980680346488953,
                16.75006675720215,
                0.0,
                0.0,
                0.0,
                1.0
            ],
            "fov": 90,
            "aspect": 1.64106463878327
        },
        {
            "camera_to_world": [
                -0.0026463670656085014,
                -0.9987350106239319,
                0.05021316185593605,
                -2.872398614883423,
                0.9998542070388794,
                -0.0034897690638899803,
                -0.01671620085835457,
                106.08804321289062,
                0.01687028631567955,
                0.05016157776117325,
                0.9985986351966858,
                15.837507247924805,
                0.0,
                0.0,
                0.0,
                1.0
            ],
            "fov": 90,
            "aspect": 1.64106463878327
        },
        {
            "camera_to_world": [
                -0.004674416035413742,
                -0.9986602067947388,
                0.05153670907020569,
                -2.8734612464904785,
                0.9999884963035583,
                -0.004724889062345028,
                -0.0008575679967179894,
                106.7864990234375,
                0.0010999240912497044,
                0.0515320785343647,
                0.9986706972122192,
                14.84553337097168,
                0.0,
                0.0,
                0.0,
                1.0
            ],
            "fov": 90,
            "aspect": 1.64106463878327
        },
        {
            "camera_to_world": [
                -0.00627598213031888,
                -0.9985985159873962,
                0.05255105346441269,
                -2.8754405975341797,
                0.9999353289604187,
                -0.00576856080442667,
                0.009801892563700676,
                107.39505767822266,
                -0.009485011920332909,
                0.052609145641326904,
                0.9985701441764832,
                13.778356552124023,
                0.0,
                0.0,
                0.0,
                1.0
            ],
            "fov": 90,
            "aspect": 1.64106463878327
        },
        {
            "camera_to_world": [
                -0.007481086533516645,
                -0.9985496401786804,
                0.053316667675971985,
                -2.8784425258636475,
                0.9998472929000854,
                -0.0066274357959628105,
                0.01616981439292431,
                107.91832733154297,
                -0.015793010592460632,
                0.05342946574091911,
                0.9984467029571533,
                12.640174865722656,
                0.0,
                0.0,
                0.0,
                1.0
            ],
            "fov": 90,
            "aspect": 1.64106463878327
        },
        {
            "camera_to_world": [
                -0.008319353684782982,
                -0.9985126256942749,
                0.05388276278972626,
                -2.8825719356536865,
                0.9997921586036682,
                -0.007302781566977501,
                0.019035866484045982,
                108.36093139648438,
                -0.018614059314131737,
                0.05402989685535431,
                0.9983658194541931,
                11.43519401550293,
                0.0,
                0.0,
                0.0,
                1.0
            ],
            "fov": 90,
            "aspect": 1.64106463878327
        },
        {
            "camera_to_world": [
                -0.00882026832550764,
                -0.9984862208366394,
                0.05429058521986008,
                -2.887934923171997,
                0.9997872710227966,
                -0.007793273311108351,
                0.01909935288131237,
                108.72747039794922,
                -0.018647339195013046,
                0.054447464644908905,
                0.9983425140380859,
                10.167613983154297,
                0.0,
                0.0,
                0.0,
                1.0
            ],
            "fov": 90,
            "aspect": 1.64106463878327
        },
        {
            "camera_to_world": [
                -0.009013688191771507,
                -0.9984689354896545,
                0.054575975984334946,
                -2.894636392593384,
                0.9998227953910828,
                -0.008097035810351372,
                0.016993792727589607,
                109.0225601196289,
                -0.0165258701890707,
                0.054719455540180206,
                0.998365044593811,
                8.841638565063477,
                0.0,
                0.0,
                0.0,
                1.0
            ],
            "fov": 90,
            "aspect": 1.64106463878327
        },
        {
            "camera_to_world": [
                -0.008930410258471966,
                -0.9984590411186218,
                0.05477137491106987,
                -2.9027822017669678,
                0.9998776912689209,
                -0.008213094435632229,
                0.01330771017819643,
                109.2508316040039,
                -0.012837360613048077,
                0.05488349869847298,
                0.9984102845191956,
                7.4614715576171875,
                0.0,
                0.0,
                0.0,
                1.0
            ],
            "fov": 90,
            "aspect": 1.64106463878327
        },
        {
            "camera_to_world": [
                -0.008602669462561607,
                -0.9984543919563293,
                0.05490735173225403,
                -2.912477731704712,
                0.9999299049377441,
                -0.008142347447574139,
                0.008601827546954155,
                109.41688537597656,
                -0.00814145803451538,
                0.05497747287154198,
                0.9984544515609741,
                6.031314849853516,
                0.0,
                0.0,
                0.0,
                1.0
            ],
            "fov": 90,
            "aspect": 1.64106463878327
        },
        {
            "camera_to_world": [
                -0.00806451216340065,
                -0.9984530806541443,
                0.055013783276081085,
                -2.923828363418579,
                0.999963104724884,
                -0.00788809172809124,
                0.003423224901780486,
                109.52533721923828,
                -0.0029839754570275545,
                0.05503933131694794,
                0.9984797835350037,
                4.555370330810547,
                0.0,
                0.0,
                0.0,
                1.0
            ],
            "fov": 90,
            "aspect": 1.64106463878327
        },
        {
            "camera_to_world": [
                -0.007352037820965052,
                -0.9984526634216309,
                0.055120762437582016,
                -2.9369397163391113,
                0.9999707937240601,
                -0.007456119637936354,
                -0.0016828280640766025,
                109.580810546875,
                0.002091210801154375,
                0.0551067590713501,
                0.9984782934188843,
                3.037839889526367,
                0.0,
                0.0,
                0.0,
                1.0
            ],
            "fov": 90,
            "aspect": 1.64106463878327
        },
        {
            "camera_to_world": [
                -0.006503494922071695,
                -0.9984508752822876,
                0.055259235203266144,
                -2.9519174098968506,
                0.9999575614929199,
                -0.006854380946606398,
                -0.006162657868117094,
                109.587890625,
                0.006531878374516964,
                0.05521678552031517,
                0.9984530806541443,
                1.4829292297363281,
                0.0,
                0.0,
                0.0,
                1.0
            ],
            "fov": 90,
            "aspect": 1.64106463878327
        },
        {
            "camera_to_world": [
                -0.005559233482927084,
                -0.9984453916549683,
                0.055461443960666656,
                -2.9688665866851807,
                0.9999368190765381,
                -0.0060921828262507915,
                -0.009444918483495712,
                109.55123138427734,
                0.009768116287887096,
                0.05540540814399719,
                0.9984161853790283,
                -0.10516357421875,
                0.0,
                0.0,
                0.0,
                1.0
            ],
            "fov": 90,
            "aspect": 1.64106463878327
        },
        {
            "camera_to_world": [
                -0.004561555106192827,
                -0.9984337091445923,
                0.05576116591691971,
                -2.9878931045532227,
                0.9999268651008606,
                -0.005178897641599178,
                -0.010931714437901974,
                109.47541046142578,
                0.011203373782336712,
                0.05570720136165619,
                0.9983843564987183,
                -1.7222328186035156,
                0.0,
                0.0,
                0.0,
                1.0
            ],
            "fov": 90,
            "aspect": 1.64106463878327
        },
        {
            "camera_to_world": [
                -0.003554464317858219,
                -0.9984135627746582,
                0.05619372799992561,
                -3.0091021060943604,
                0.9999416470527649,
                -0.004122160375118256,
                -0.009989791549742222,
                109.36506652832031,
                0.010205582715570927,
                0.05615491047501564,
                0.9983699321746826,
                -3.36407470703125,
                0.0,
                0.0,
                0.0,
                1.0
            ],
            "fov": 90,
            "aspect": 1.64106463878327
        },
        {
            "camera_to_world": [
                -0.0025833474937826395,
                -0.9983824491500854,
                0.056795671582221985,
                -3.0325992107391357,
                0.9999780654907227,
                -0.0029254937544465065,
                -0.005941833835095167,
                109.22480010986328,
                0.006098377984017134,
                0.05677904933691025,
                0.9983681440353394,
                -5.026490211486816,
                0.0,
                0.0,
                0.0,
                1.0
            ],
            "fov": 90,
            "aspect": 1.64106463878327
        },
        {
            "camera_to_world": [
                -0.0016945647075772285,
                -0.9983381032943726,
                0.05760408192873001,
                -3.058490037918091,
                0.9999968409538269,
                -0.0015853644581511617,
                0.001941352616995573,
                109.05924224853516,
                -0.0018468026537448168,
                0.05760716646909714,
                0.9983376860618591,
                -6.705273628234863,
                0.0,
                0.0,
                0.0,
                1.0
            ],
            "fov": 90,
            "aspect": 1.64106463878327
        },
        {
            "camera_to_world": [
                -0.0009349216124974191,
                -0.9982778429985046,
                0.05865519866347313,
                -3.0868797302246094,
                0.9998956918716431,
                -8.764782978687435e-05,
                0.014445900917053223,
                108.87298583984375,
                -0.014415881596505642,
                0.05866255983710289,
                0.9981738328933716,
                -8.396224021911621,
                0.0,
                0.0,
                0.0,
                1.0
            ],
            "fov": 90,
            "aspect": 1.64106463878327
        },
        {
            "camera_to_world": [
                -0.0003509148664306849,
                -0.9981994032859802,
                0.059982120990753174,
                -3.1178743839263916,
                0.9994732141494751,
                0.001596369780600071,
                0.032413411885499954,
                108.67066192626953,
                -0.03245079889893532,
                0.05996187776327133,
                0.9976730346679688,
                -10.095138549804688,
                0.0,
                0.0,
                0.0,
                1.0
            ],
            "fov": 90,
            "aspect": 1.64106463878327
        },
        {
            "camera_to_world": [
                3.2704658224247396e-05,
                -0.9981066584587097,
                0.06150681897997856,
                -3.1507930755615234,
                0.9984614849090576,
                0.0034431794192641973,
                0.05534355714917183,
                108.47139739990234,
                -0.05545055493712425,
                0.06141034886240959,
                0.9965711236000061,
                -11.730316162109375,
                0.0,
                0.0,
                0.0,
                1.0
            ],
            "fov": 90,
            "aspect": 1.64106463878327
        },
        {
            "camera_to_world": [
                0.0003870844084303826,
                -0.998002290725708,
                0.063176728785038,
                -3.1907150745391846,
                0.9964761137962341,
                0.0056839874014258385,
                0.08368448168039322,
                108.28617095947266,
                -0.08387640863656998,
                0.0629216805100441,
                0.9944875836372375,
                -13.437312126159668,
                0.0,
                0.0,
                0.0,
                1.0
            ],
            "fov": 90,
            "aspect": 1.64106463878327
        },
        {
            "camera_to_world": [
                0.0007435253355652094,
                -0.9978832006454468,
                0.0650278627872467,
                -3.2387266159057617,
                0.9929349422454834,
                0.008452773094177246,
                0.11835859715938568,
                108.10149383544922,
                -0.11865770816802979,
                0.06448040902614594,
                0.9908393621444702,
                -15.289031028747559,
                0.0,
                0.0,
                0.0,
                1.0
            ],
            "fov": 90,
            "aspect": 1.64106463878327
        },
        {
            "camera_to_world": [
                0.0010914839804172516,
                -0.9977506995201111,
                0.06702522933483124,
                -3.2937703132629395,
                0.9871730804443359,
                0.011775652877986431,
                0.159218892455101,
                107.91108703613281,
                -0.1596500128507614,
                0.06599168479442596,
                0.984965443611145,
                -17.268068313598633,
                0.0,
                0.0,
                0.0,
                1.0
            ],
            "fov": 90,
            "aspect": 1.64106463878327
        },
        {
            "camera_to_world": [
                0.0014192955568432808,
                -0.9976072311401367,
                0.0691215991973877,
                -3.3547887802124023,
                0.9784265756607056,
                0.015665218234062195,
                0.20600014925003052,
                107.7086410522461,
                -0.20659004151821136,
                0.0673380047082901,
                0.976107656955719,
                -19.357017517089844,
                0.0,
                0.0,
                0.0,
                1.0
            ],
            "fov": 90,
            "aspect": 1.64106463878327
        },
        {
            "camera_to_world": [
                0.001714366371743381,
                -0.9974566102027893,
                0.07125624269247055,
                -3.420724391937256,
                0.9658708572387695,
                0.020108390599489212,
                0.25824251770973206,
                107.48786163330078,
                -0.25901854038238525,
                0.06838158518075943,
                0.963448703289032,
                -21.538475036621094,
                0.0,
                0.0,
                0.0,
                1.0
            ],
            "fov": 90,
            "aspect": 1.64106463878327
        },
        {
            "camera_to_world": [
                0.001963678514584899,
                -0.9973039031028748,
                0.07335542142391205,
                -3.490520477294922,
                0.9486877918243408,
                0.025053583085536957,
                0.31522029638290405,
                107.24246215820312,
                -0.31620827317237854,
                0.06897237151861191,
                0.9461792707443237,
                -23.795034408569336,
                0.0,
                0.0,
                0.0,
                1.0
            ],
            "fov": 90,
            "aspect": 1.64106463878327
        },
        {
            "camera_to_world": [
                0.0021546725183725357,
                -0.9971559047698975,
                0.07533571124076843,
                -3.5631189346313477,
                0.9261639714241028,
                0.030400263145565987,
                0.3758937120437622,
                106.96613311767578,
                -0.3771148920059204,
                0.06896327435970306,
                0.9235954284667969,
                -26.10929298400879,
                0.0,
                0.0,
                0.0,
                1.0
            ],
            "fov": 90,
            "aspect": 1.64106463878327
        },
        {
            "camera_to_world": [
                0.002276495797559619,
                -0.9970199465751648,
                0.07711082696914673,
                -3.637463092803955,
                0.8978124856948853,
                0.03599542751908302,
                0.4389045536518097,
                106.65259552001953,
                -0.4403722286224365,
                0.06823186576366425,
                0.8952188491821289,
                -28.463844299316406,
                0.0,
                0.0,
                0.0,
                1.0
            ],
            "fov": 90,
            "aspect": 1.64106463878327
        },
        {
            "camera_to_world": [
                0.0023214665707200766,
                -0.9969034194946289,
                0.07860150933265686,
                -3.7124953269958496,
                0.8634950518608093,
                0.04164142534136772,
                0.5026354193687439,
                106.29551696777344,
                -0.5043520927429199,
                0.0667051300406456,
                0.8609178066253662,
                -30.84128189086914,
                0.0,
                0.0,
                0.0,
                1.0
            ],
            "fov": 90,
            "aspect": 1.64106463878327
        },
        {
            "camera_to_world": [
                0.0022864551283419132,
                -0.9968125224113464,
                0.07974705845117569,
                -3.7871580123901367,
                0.8235132098197937,
                0.04711707681417465,
                0.5653371214866638,
                105.88864135742188,
                -0.5672925114631653,
                0.06438010185956955,
                0.8209959864616394,
                -33.224205017089844,
                0.0,
                0.0,
                0.0,
                1.0
            ],
            "fov": 90,
            "aspect": 1.64106463878327
        },
        {
            "camera_to_world": [
                0.002173803048208356,
                -0.9967510104179382,
                0.08051539212465286,
                -3.8603944778442383,
                0.7786314487457275,
                0.05220895633101463,
                0.6253057718276978,
                105.42564392089844,
                -0.6274777054786682,
                0.061332497745752335,
                0.7762151956558228,
                -35.59520721435547,
                0.0,
                0.0,
                0.0,
                1.0
            ],
            "fov": 90,
            "aspect": 1.64106463878327
        },
        {
            "camera_to_world": [
                0.001991479890421033,
                -0.996719479560852,
                0.08090896904468536,
                -3.9311468601226807,
                0.7300163507461548,
                0.05674463137984276,
                0.6810699105262756,
                104.9002456665039,
                -0.6834268569946289,
                0.0577085055410862,
                0.7277345061302185,
                -37.93687438964844,
                0.0,
                0.0,
                0.0,
                1.0
            ],
            "fov": 90,
            "aspect": 1.64106463878327
        },
        {
            "camera_to_world": [
                0.0017523968126624823,
                -0.9967154264450073,
                0.08096444606781006,
                -3.9983582496643066,
                0.6791003346443176,
                0.060617752373218536,
                0.7315383553504944,
                104.30613708496094,
                -0.7340434193611145,
                0.0537010058760643,
                0.6769759654998779,
                -40.231815338134766,
                0.0,
                0.0,
                0.0,
                1.0
            ],
            "fov": 90,
            "aspect": 1.64106463878327
        },
        {
            "camera_to_world": [
                0.001473085256293416,
                -0.9967336058616638,
                0.08074657618999481,
                -4.060970783233643,
                0.6274082064628601,
                0.06379782408475876,
                0.7760727405548096,
                103.63703155517578,
                -0.7786891460418701,
                0.049517810344696045,
                0.6254526972770691,
                -42.462615966796875,
                0.0,
                0.0,
                0.0,
                1.0
            ],
            "fov": 90,
            "aspect": 1.64106463878327
        },
        {
            "camera_to_world": [
                0.0011721303453668952,
                -0.996766984462738,
                0.0803384929895401,
                -4.117927551269531,
                0.576391339302063,
                0.06632395833730698,
                0.8144778609275818,
                102.88661193847656,
                -0.8171730041503906,
                0.04535170644521713,
                0.5746055841445923,
                -44.611881256103516,
                0.0,
                0.0,
                0.0,
                1.0
            ],
            "fov": 90,
            "aspect": 1.64106463878327
        },
        {
            "camera_to_world": [
                0.0008687617373652756,
                -0.9968079924583435,
                0.07983142137527466,
                -4.168171405792236,
                0.5273065567016602,
                0.0682874321937561,
                0.8469265699386597,
                102.04861450195312,
                -0.8496747016906738,
                0.04135982319712639,
                0.5256826877593994,
                -46.662193298339844,
                0.0,
                0.0,
                0.0,
                1.0
            ],
            "fov": 90,
            "aspect": 1.64106463878327
        },
        {
            "camera_to_world": [
                0.0005818703793920577,
                -0.9968493580818176,
                0.079316146671772,
                -4.210644245147705,
                0.4811544716358185,
                0.06981047242879868,
                0.8738517761230469,
                101.11671447753906,
                -0.8766356706619263,
                0.0376548208296299,
                0.4796791076660156,
                -48.596153259277344,
                0.0,
                0.0,
                0.0,
                1.0
            ],
            "fov": 90,
            "aspect": 1.64106463878327
        },
        {
            "camera_to_world": [
                0.0003295409260317683,
                -0.996884286403656,
                0.07887765765190125,
                -4.244289398193359,
                0.4386729300022125,
                0.07102726399898529,
                0.8958354592323303,
                100.0846176147461,
                -0.8986467123031616,
                0.034306250512599945,
                0.43732956051826477,
                -50.396358489990234,
                0.0,
                0.0,
                0.0,
                1.0
            ],
            "fov": 90,
            "aspect": 1.64106463878327
        },
        {
            "camera_to_world": [
                0.00012905284529551864,
                -0.9969068169593811,
                0.07859282940626144,
                -4.268049716949463,
                0.40036889910697937,
                0.07207037508487701,
                0.913515567779541,
                98.94603729248047,
                -0.9163540601730347,
                0.03134820610284805,
                0.39913976192474365,
                -52.04540252685547,
                0.0,
                0.0,
                0.0,
                1.0
            ],
            "fov": 90,
            "aspect": 1.64106463878327
        },
        {
            "camera_to_world": [
                -2.7530986699275672e-06,
                -0.9969117045402527,
                0.07853091508150101,
                -4.280867099761963,
                0.36657097935676575,
                0.07306337356567383,
                0.9275168180465698,
                97.69467163085938,
                -0.9303901195526123,
                0.02878968045115471,
                0.36543866991996765,
                -53.52587890625,
                0.0,
                0.0,
                0.0,
                1.0
            ],
            "fov": 90,
            "aspect": 1.64106463878327
        },
        {
            "camera_to_world": [
                -4.884497684543021e-05,
                -0.9968939423561096,
                0.07875559478998184,
                -4.281684875488281,
                0.3374890387058258,
                0.07411852478981018,
                0.9384070038795471,
                96.32423400878906,
                -0.9413294792175293,
                0.026624958962202072,
                0.3364371657371521,
                -54.82038116455078,
                0.0,
                0.0,
                0.0,
                1.0
            ],
            "fov": 90,
            "aspect": 1.64106463878327
        },
        {
            "camera_to_world": [
                2.891393523896113e-05,
                -0.9968438744544983,
                0.07938765734434128,
                -4.270216941833496,
                0.3106797933578491,
                0.07546808570623398,
                0.9475139379501343,
                94.73294067382812,
                -0.9505146741867065,
                0.02463671937584877,
                0.30970141291618347,
                -55.99932098388672,
                0.0,
                0.0,
                0.0,
                1.0
            ],
            "fov": 90,
            "aspect": 1.64106463878327
        },
        {
            "camera_to_world": [
                0.00022949615959078074,
                -0.9967586398124695,
                0.08044974505901337,
                -4.247751235961914,
                0.28490591049194336,
                0.07718071341514587,
                0.955443263053894,
                92.9131088256836,
                -0.9585555195808411,
                0.022701309993863106,
                0.2840001583099365,
                -57.084327697753906,
                0.0,
                0.0,
                0.0,
                1.0
            ],
            "fov": 90,
            "aspect": 1.64106463878327
        },
        {
            "camera_to_world": [
                0.0005152731318958104,
                -0.9966410994529724,
                0.08189139515161514,
                -4.215146541595459,
                0.26002201437950134,
                0.07920809835195541,
                0.9623485207557678,
                90.88494110107422,
                -0.9656025767326355,
                0.020797666162252426,
                0.2591894268989563,
                -58.080467224121094,
                0.0,
                0.0,
                0.0,
                1.0
            ],
            "fov": 90,
            "aspect": 1.64106463878327
        },
        {
            "camera_to_world": [
                0.0008526632445864379,
                -0.9964934587478638,
                0.08366646617650986,
                -4.173263072967529,
                0.23591166734695435,
                0.0815054178237915,
                0.9683504700660706,
                88.66869354248047,
                -0.9717741012573242,
                0.018912192434072495,
                0.235153928399086,
                -58.99279022216797,
                0.0,
                0.0,
                0.0,
                1.0
            ],
            "fov": 90,
            "aspect": 1.64106463878327
        },
        {
            "camera_to_world": [
                0.0012118895538151264,
                -0.9963175058364868,
                0.085731640458107,
                -4.122959613800049,
                0.21248489618301392,
                0.08403052389621735,
                0.9735445976257324,
                86.28459167480469,
                -0.9771636128425598,
                0.01703682541847229,
                0.21180427074432373,
                -59.82636260986328,
                0.0,
                0.0,
                0.0,
                1.0
            ],
            "fov": 90,
            "aspect": 1.64106463878327
        },
        {
            "camera_to_world": [
                0.0015668518608435988,
                -0.9961152672767639,
                0.08804522454738617,
                -4.065095901489258,
                0.1896762102842331,
                0.0867430567741394,
                0.9780074954032898,
                83.75286865234375,
                -0.981845498085022,
                0.015167664736509323,
                0.1890752762556076,
                -60.58625030517578,
                0.0,
                0.0,
                0.0,
                1.0
            ],
            "fov": 90,
            "aspect": 1.64106463878327
        },
        {
            "camera_to_world": [
                0.0018950916128233075,
                -0.9958886504173279,
                0.09056612104177475,
                -4.000532150268555,
                0.1674429029226303,
                0.08960364758968353,
                0.981801450252533,
                81.09375762939453,
                -0.9858799576759338,
                0.013304023072123528,
                0.16692428290843964,
                -61.277503967285156,
                0.0,
                0.0,
                0.0,
                1.0
            ],
            "fov": 90,
            "aspect": 1.64106463878327
        },
        {
            "camera_to_world": [
                0.002177821472287178,
                -0.9956400990486145,
                0.09325290471315384,
                -3.930126428604126,
                0.14576390385627747,
                0.09257319569587708,
                0.9849787354469299,
                78.32747650146484,
                -0.9893170595169067,
                0.01144777424633503,
                0.14532998204231262,
                -61.905181884765625,
                0.0,
                0.0,
                0.0,
                1.0
            ],
            "fov": 90,
            "aspect": 1.64106463878327
        },
        {
            "camera_to_world": [
                0.002400000812485814,
                -0.9953723549842834,
                0.09606318920850754,
                -3.854739189147949,
                0.12463876605033875,
                0.09561212360858917,
                0.9875847101211548,
                75.4742660522461,
                -0.9921993017196655,
                0.009602966718375683,
                0.12429144978523254,
                -62.47437286376953,
                0.0,
                0.0,
                0.0,
                1.0
            ],
            "fov": 90,
            "aspect": 1.64106463878327
        },
        {
            "camera_to_world": [
                0.002550428733229637,
                -0.9950888752937317,
                0.09895292669534683,
                -3.7752294540405273,
                0.10408681631088257,
                0.09867991507053375,
                0.9896606802940369,
                72.55435943603516,
                -0.994564950466156,
                0.007775608915835619,
                0.10382729768753052,
                -62.99011993408203,
                0.0,
                0.0,
                0.0,
                1.0
            ],
            "fov": 90,
            "aspect": 1.64106463878327
        },
        {
            "camera_to_world": [
                0.0026218299753963947,
                -0.9947936534881592,
                0.10187603533267975,
                -3.6924569606781006,
                0.08414632081985474,
                0.10173454880714417,
                0.9912464618682861,
                69.5879898071289,
                -0.9964500069618225,
                0.005973587743937969,
                0.08397495746612549,
                -63.457489013671875,
                0.0,
                0.0,
                0.0,
                1.0
            ],
            "fov": 90,
            "aspect": 1.64106463878327
        },
        {
            "camera_to_world": [
                0.002610908355563879,
                -0.9944915771484375,
                0.10478409379720688,
                -3.60728120803833,
                0.06487371027469635,
                0.10473217815160751,
                0.9923823475837708,
                66.59537506103516,
                -0.997890055179596,
                0.004206686746329069,
                0.0647898018360138,
                -63.88153076171875,
