{
  "keyframes": [
    {
      "matrix": "[0.03871940596928451,0.999250155031197,-1.6653345908350254e-16,0,0.048468042997866986,-0.0018780620887792656,0.9988229486229715,0,0.9980739592677988,-0.03867383019325559,-0.04850441561635008,0,0.4483894695235361,0.985300560475246,-0.0018124304538501418,1]",
      "fov": 90,
      "aspect": 1.64106463878327,
      "properties": "[[\"FOV\",50],[\"NAME\",\"Camera 0\"],[\"TIME\",0]]"
    },
    {
      "matrix": "[-0.04250619107677027,0.9990962358294769,1.1102230605566831e-16,0,0.06061854344973198,0.0025789941932175143,0.9981576538724346,0,0.9972555277780434,0.042427878812801266,-0.06067338016117365,0,0.09886090240700862,1.026824333019806,0.0014790128418138149,1]",
      "fov": 90,
      "aspect": 1.64106463878327,
      "properties": "[[\"FOV\",50],[\"NAME\",\"Camera 1\"],[\"TIME\",0.09000000000000002]]"
    },
    {
      "matrix": "[-0.9413840413798051,0.33733685147625253,2.7755576513917097e-17,0,0.026619036001947795,0.07428401486373683,0.9968817748676074,0,0.3362849501332348,0.938448568622858,-0.07890936578250662,0,-0.45813990710361285,0.8715275997818651,0.016065378470916415,1]",
      "fov": 90,
      "aspect": 1.64106463878327,
      "properties": "[[\"FOV\",50],[\"NAME\",\"Camera 3\"],[\"TIME\",0.18981481481481483]]"
    },
    {
      "matrix": "[-0.9980690970374152,-0.06211394583671139,1.040834119271891e-17,0,-0.007537336553749132,0.12111261950808609,0.9926101364376169,0,-0.06165493058422935,0.990693475791656,-0.12134693322495597,0,-0.6070296972312124,0.18111462004059653,-0.0016480120701769796,1]",
      "fov": 90,
      "aspect": 1.64106463878327,
      "properties": "[[\"FOV\",50],[\"NAME\",\"Camera 4\"],[\"TIME\",0.287037037037037]]"
    },
    {
      "matrix": "[-0.9999563896749744,-0.009342562639667098,0,0,-0.0008128603368286429,0.08700234818592735,0.9962077552766524,0,-0.009307133104087411,0.9961642833918755,-0.08700614583082043,0,-0.6102035713416528,-0.4131466238121631,-0.021211634679267413,1]",
      "fov": 90,
      "aspect": 1.64106463878327,
      "properties": "[[\"FOV\",50],[\"NAME\",\"Camera 5\"],[\"TIME\",0.40277777777777773]]"
    },
    {
      "matrix": "[-0.3168630998333937,-0.9484713178016815,3.3306691816700504e-16,0,0.011772700423260316,-0.003932996474969696,0.9999229450655743,0,-0.9483982077575176,0.31683867539926686,0.01241228980354232,0,-0.5333432495851009,-0.9148086570298789,0.00487153117325009,1]",
      "fov": 90,
      "aspect": 1.64106463878327,
      "properties": "[[\"FOV\",50],[\"NAME\",\"Camera 6\"],[\"TIME\",0.5324074074074074]]"
    },
    {
      "matrix": "[-0.009615040606407249,-0.9999538067944056,-3.330669181670051e-16,0,0.01850430306928644,-0.0001779278444625556,0.9998287453933007,0,-0.9997825330598752,0.009613393726419945,0.018505158579196757,0,0.029345606325743012,-0.961183625131298,-0.0056619750552279954,1]",
      "fov": 90,
      "aspect": 1.64106463878327,
      "properties": "[[\"FOV\",50],[\"NAME\",\"Camera 7\"],[\"TIME\",0.6435185185185185]]"
    },
    {
      "matrix": "[0.908652410970108,-0.4150915124210677,-0.04527578914481766,0,0.03736203448569574,-0.02717074732609428,0.9989323249720026,0,-0.41587849535853466,-0.9093738364836104,-0.00918010141564812,0,0.47101982199802284,-0.9557406405665245,0.004887192577831531,1]",
      "fov": 90,
      "aspect": 1.64106463878327,
      "properties": "[[\"FOV\",50],[\"NAME\",\"Camera 8\"],[\"TIME\",0.7592592592592593]]"
    },
    {
      "matrix": "[0.9988053939256921,-0.048865629980881564,6.938894128479271e-18,0,0.0032839840150091283,0.06712409006166888,0.997739210910106,0,-0.04875515377919068,-0.9965472786370432,0.06720437534617985,0,0.5472119611411764,-0.20482444699035673,0.009786162181764466,1]",
      "fov": 90,
      "aspect": 1.64106463878327,
      "properties": "[[\"FOV\",50],[\"NAME\",\"Camera 9\"],[\"TIME\",0.875]]"
    },
    {
      "matrix": "[0.9999982369336172,0.0018949559737802665,-5.42101103787443e-19,0,-0.00012734932772738735,0.06720425432788267,0.997739210910106,0,0.0018906718268566192,-0.9977374248463232,0.06720437534618086,0,0.562901433479576,0.5787400969731158,0.0016120796105722965,1]",
      "fov": 90,
      "aspect": 1.64106463878327,
      "properties": "[[\"FOV\",50],[\"NAME\",\"Camera 10\"],[\"TIME\",1]]"
    }
  ],
  "camera_type": "perspective",
  "render_height": 1080,
  "render_width": 1920,
  "camera_path": [
    {
      "camera_to_world": [
        0.03871940471616014,
        0.04846804394286934,
        0.9980739734181923,
        0.4483894695235361,
        0.9992501226912239,
        -0.001878062125396736,
        -0.03867383074156159,
        0.985300560475246,
        -1.6263032587282564e-16,
        0.998822968097453,
        -0.04850441630403114,
        -0.0018124304538501418,
        0,
        0,
        0,
        1
      ],
      "fov": 90,
      "aspect": 1.64106463878327
    },
    {
      "camera_to_world": [
        0.016708636771532333,
        0.050168211920611515,
        0.9986010073948081,
        0.43682885223819545,
        0.9998573139302471,
        -0.0033201738631328283,
        -0.01656285681003965,
        0.9953428569612738,
        0.0024846000539935414,
        0.9987352637001495,
        -0.05021652919472345,
        -0.0018108002698304982,
        0,
        0,
        0,
        1
      ],
      "fov": 90,
      "aspect": 1.64106463878327
    },
    {
      "camera_to_world": [
        0.0009382652999877048,
        0.051538914840380076,
        0.9986705462339935,
        0.42426260034155305,
        0.9999893774380806,
        -0.004555084254141695,
        -0.0007044277378504584,
        1.0041878340906902,
        0.004512723039033273,
        0.9986605987343816,
        -0.05154264124256011,
        -0.0017986938497213222,
        0,
        0,
        0,
        1
      ],
      "fov": 90,
      "aspect": 1.64106463878327
    },
    {
      "camera_to_world": [
        -0.009646651999627392,
        0.0526161489563775,
        0.9985682164850825,
        0.4107439369793048,
        0.9999347762149348,
        -0.005598591856640912,
        0.009954852345026797,
        1.0118939442303083,
        0.006114361878938496,
        0.9985991170826374,
        -0.05255870946465805,
        -0.0017747848267174312,
        0,
        0,
        0,
        1
      ],
      "fov": 90,
      "aspect": 1.64106463878327
    },
    {
      "camera_to_world": [
        -0.015954628292036963,
        0.05343660728490034,
        0.9984437785063024,
        0.3963260852971463,
        0.9998459253694805,
        -0.0064573420571559905,
        0.016322630168091563,
        1.0185196397469416,
        0.007319518980803464,
        0.9985503651471147,
        -0.05332534956710024,
        -0.0017377468340136412,
        0,
        0,
        0,
        1
      ],
      "fov": 90,
      "aspect": 1.64106463878327
    },
    {
      "camera_to_world": [
        -0.01877566278766243,
        0.05403715074780637,
        0.998362389528944,
        0.3810622684407732,
        0.9997904403355197,
        -0.007132596641808014,
        0.019188576780284988,
        1.024123373007403,
        0.008157812242973685,
        0.9985134512885665,
        -0.05389190751127918,
        -0.00168625350480477,
        0,
        0,
        0,
        1
      ],
      "fov": 90,
      "aspect": 1.64106463878327
    },
    {
      "camera_to_world": [
        -0.018808939677523107,
        0.05445479651483041,
        0.9983390701183319,
        0.3650057095558813,
        0.9997856021314059,
        -0.0076230252459822305,
        0.019251993580963408,
        1.0287635963785065,
        0.008658727328518651,
        0.9984871379355008,
        -0.05429974050051097,
        -0.001618978472285634,
        0,
        0,
        0,
        1
      ],
      "fov": 90,
      "aspect": 1.64106463878327
    },
    {
      "camera_to_world": [
        -0.016687475854149793,
        0.05472683551853825,
        0.998361909141041,
        0.34820963178816633,
        0.9998215680625879,
        -0.007926745915192573,
        0.017146391342322598,
        1.0324987622270645,
        0.008852128923895383,
        0.9984698994828652,
        -0.054584793122186476,
        -0.0015345953696510506,
        0,
        0,
        0,
        1
      ],
      "fov": 90,
      "aspect": 1.64106463878327
    },
    {
      "camera_to_world": [
        -0.012998975409996569,
        0.05489089276404852,
        0.9984077406199614,
        0.33072725828332394,
        0.9998770596541817,
        -0.008042779784757637,
        0.013460284939106656,
        1.0353873229198907,
        0.008768820650369812,
        0.9984599659399968,
        -0.05477959656205975,
        -0.0014317778300958364,
        0,
        0,
        0,
        1
      ],
      "fov": 90,
      "aspect": 1.64106463878327
    },
    {
      "camera_to_world": [
        -0.008303083145387493,
        0.05498485756143076,
        0.9984526650018166,
        0.3126118121870498,
        0.9999299013519877,
        -0.007972018784063038,
        0.008754387397811711,
        1.0374877308237982,
        0.008441042144498546,
        0.9984553632263465,
        -0.05491481086245388,
        -0.0013091994868148083,
        0,
        0,
        0,
        1
      ],
      "fov": 90,
      "aspect": 1.64106463878327
    },
    {
      "camera_to_world": [
        -0.0031456096091586087,
        0.055046675402490614,
        0.9984788273505453,
        0.29391651664503976,
        0.9999638244166639,
        -0.0077177531568437645,
        0.003575771834072059,
        1.0388584383056005,
        0.007902847473289861,
        0.9984539547787583,
        -0.05502040701840595,
        -0.0011655339730027834,
        0,
        0,
        0,
        1
      ],
      "fov": 90,
      "aspect": 1.64106463878327
    },
    {
      "camera_to_world": [
        0.0019295712263342328,
        0.05511402975927408,
        0.9984782023051763,
        0.2746945948029894,
        0.9999722874858411,
        -0.00728577018110799,
        -0.0015302984030656627,
        1.0395578977321107,
        0.007190341801114233,
        0.9984534847836237,
        -0.05512656082344718,
        -0.0009994549218545793,
        0,
        0,
        0,
        1
      ],
      "fov": 90,
      "aspect": 1.64106463878327
    },
    {
      "camera_to_world": [
        0.006370235840588846,
        0.05522395983823103,
        0.9984536716118183,
        0.2549992698065945,
        0.9999596001833049,
        -0.006684014137685363,
        -0.006010154428340775,
        1.039644561470142,
        0.006341773930104996,
        0.9984516203676534,
        -0.05526430754679526,
        -0.0008096359665650108,
        0,
        0,
        0,
        1
      ],
      "fov": 90,
      "aspect": 1.64106463878327
    },
    {
      "camera_to_world": [
        0.009606470404869609,
        0.05541246166958242,
        0.9984173349947794,
        0.2348837648015507,
        0.999939289538493,
        -0.00592178596584113,
        -0.009292453294411945,
        1.039176881886508,
        0.005397496050431601,
        0.9984459882951564,
        -0.05546598501508605,
        -0.0005947507403288976,
        0,
        0,
        0,
        1
      ],
      "fov": 90,
      "aspect": 1.64106463878327
    },
    {
      "camera_to_world": [
        0.011041724307890896,
        0.05571410322494405,
        0.998385706541389,
        0.21440130293355375,
        0.9999293585018079,
        -0.005008454631669124,
        -0.010779303705056349,
        1.0382133113480216,
        0.0043998102768029405,
        0.9984342011790476,
        -0.05576546947247325,
        -0.00035347287634105514,
        0,
        0,
        0,
        1
      ],
      "fov": 90,
      "aspect": 1.64106463878327
    },
    {
      "camera_to_world": [
        0.010043924374644051,
        0.056161645283047464,
        0.9983711680443589,
        0.1936051073482993,
        0.9999438029259295,
        -0.003951647650174344,
        -0.009837452458796313,
        1.0368123022214961,
        0.003392723564724545,
        0.9984138691344135,
        -0.05619817921306115,
        -0.00008447600779629952,
        0,
        0,
        0,
        1
      ],
      "fov": 90,
      "aspect": 1.64106463878327
    },
    {
      "camera_to_world": [
        0.005936708262914616,
        0.05678559198083412,
        0.9983687455236104,
        0.1725484011914833,
        0.9999794454000024,
        -0.002754885374441067,
        -0.0057895927384951345,
        1.035032306873745,
        0.0024216260043586854,
        0.9983825955764453,
        -0.056800779726471164,
        0.00021356623211054963,
        0,
        0,
        0,
        1
      ],
      "fov": 90,
      "aspect": 1.64106463878327
    },
    {
      "camera_to_world": [
        -0.0020084809849774984,
        0.05761348962379711,
        0.9983369430295072,
        0.15128440760880124,
        0.9999968081235433,
        -0.0014146296006049552,
        0.002093457861659564,
        1.0329317776715812,
        0.0015328884037775835,
        0.998337961131631,
        -0.05761046447200237,
        0.0005419802101846772,
        0,
        0,
        0,
        1
      ],
      "fov": 90,
      "aspect": 1.64106463878327
    },
    {
      "camera_to_world": [
        -0.014577547754466338,
        0.05866863954981311,
        0.9981710704257264,
        0.1298663497459488,
        0.9998934428476769,
        0.00008324781833278421,
        0.01459780874036754,
        1.0305691669818187,
        0.0007733380152698929,
        0.9982775084129537,
        -0.05866360153569922,
        0.0009020922932312671,
        0,
        0,
        0,
        1
      ],
      "fov": 90,
      "aspect": 1.64106463878327
    },
    {
      "camera_to_world": [
        -0.03261240315320072,
        0.05996768562372838,
        0.9976674334874858,
        0.10834745074862182,
        0.9994680561412769,
        0.001767462646533095,
        0.032565024627210816,
        1.0280029271712698,
        0.00018950923682187838,
        0.9981987541350303,
        -0.059993427386025956,
        0.0012952288480555007,
        0,
        0,
        0,
        1
      ],
      "fov": 90,
      "aspect": 1.64106463878327
    },
    {
      "camera_to_world": [
        -0.055611992484502756,
        0.061415858506768964,
        0.9965617886592782,
        0.08763586483667112,
        0.9984524368896163,
        0.0036144916291261774,
        0.055494744971481894,
        1.0254758168178841,
        -0.0001938068379782115,
        0.9981057197382147,
        -0.061521822671065596,
        0.0017127281904511268,
        0,
        0,
        0,
        1
      ],
      "fov": 90,
      "aspect": 1.64106463878327
    },
    {
      "camera_to_world": [
        -0.08403752481463796,
        0.06292682713079727,
        0.9944736843427683,
        0.06601456291202289,
        0.9964624400626805,
        0.005855526976618343,
        0.08383506633954206,
        1.0231261343792797,
        -0.0005476927591588312,
        0.9980009655461646,
        -0.06319630370175705,
        0.002218913555959415,
        0,
        0,
        0,
        1
      ],
      "fov": 90,
      "aspect": 1.64106463878327
    },
    {
      "camera_to_world": [
        -0.11881825884470598,
        0.0644851113293135,
        0.9908198079277374,
        0.04256012662662347,
        0.9929156083597974,
        0.008624544119698057,
        0.11850827782995178,
        1.0207832676795405,
        -0.00090334965883387,
        0.9978813995939464,
        -0.06505302686132645,
        0.002827573360781916,
        0,
        0,
        0,
        1
      ],
      "fov": 90,
      "aspect": 1.64106463878327
    },
    {
      "camera_to_world": [
        -0.15980963015277785,
        0.06599585052290169,
        0.9849393026091461,
        0.017493029502453995,
        0.9871470606205148,
        0.011947647500461109,
        0.1593672940960046,
        1.0183674902592783,
        -0.0012501274775248376,
        0.9977483657881699,
        -0.0670569589850777,
        0.0035253264961583363,
        0,
        0,
        0,
        1
      ],
      "fov": 90,
      "aspect": 1.64106463878327
    },
    {
      "camera_to_world": [
        -0.2067482495017163,
        0.06734153808494515,
        0.9760739104065481,
        -0.008966254938504021,
        0.978392905124173,
        0.015837408680528384,
        0.20614679160483487,
        1.0157990756591038,
        -0.0015762394035637103,
        0.9976042771232688,
        -0.06916083960380215,
        0.0042987918533283756,
        0,
        0,
        0,
        1
      ],
      "fov": 90,
      "aspect": 1.64106463878327
    },
    {
      "camera_to_world": [
        -0.25917470438334467,
        0.06838439093761116,
        0.9634064810265176,
        -0.03659725317426931,
        0.9658286491874031,
        0.02028072500446547,
        0.25838675005140943,
        1.0129982974196283,
        -0.001868961380604179,
        0.9974528897493782,
        -0.07130385483248851,
        0.005134588323531735,
        0,
        0,
        0,
        1
      ],
      "fov": 90,
      "aspect": 1.64106463878327
    },
    {
      "camera_to_world": [
        -0.3163616582468827,
        0.06897438455143441,
        0.9461278113801714,
        -0.06517949168286073,
        0.9486362987690355,
        0.02522598614626618,
        0.31536141533284257,
        1.0098854290814632,
        -0.0021151475286212387,
        0.997299445451916,
        -0.07341213967889053,
        0.006019334798008124,
        0,
        0,
        0,
        1
      ],
      "fov": 90,
      "aspect": 1.64106463878327
    },
    {
      "camera_to_world": [
        -0.37726460901219316,
        0.06896441834774411,
        0.9235341486858157,
        -0.09449249694229746,
        0.9261026481914408,
        0.03057264112050293,
        0.3760308479735639,
        1.00638074418522,
        -0.0023021293789948147,
        0.9971505516304319,
        -0.07540210596162482,
        0.0069396501679972605,
        0,
        0,
        0,
        1
      ],
      "fov": 90,
      "aspect": 1.64106463878327
    },
    {
      "camera_to_world": [
        -0.44051738504198185,
        0.06823210546489386,
        0.89514736957643,
        -0.12431579543059738,
        0.8977408211686482,
        0.036167664401436206,
        0.4390368071804304,
        1.0024045162715092,
        -0.002418983922163311,
        0.9970136808668035,
        -0.07718723133531627,
        0.007882153324738819,
        0,
        0,
        0,
        1
      ],
      "fov": 90,
      "aspect": 1.64106463878327
    },
    {
      "camera_to_world": [
        -0.5044916655904592,
        0.06670446209946108,
        0.8608360320559229,
        -0.15442891362577976,
        0.8634130630826564,
        0.041813397052942965,
        0.5027618942651857,
        0.9978770188809429,
        -0.0024580170847689,
        0.996896260682582,
        -0.07868801426581105,
        0.008833463159472525,
        0,
        0,
        0,
        1
      ],
      "fov": 90,
      "aspect": 1.64106463878327
    },
    {
      "camera_to_world": [
        -0.5674256688131045,
        0.06437854704000893,
        0.8209040827362345,
        -0.1846113780058633,
        0.8234210785200438,
        0.047288657715515235,
        0.5654569040168782,
        0.9927185255541316,
        -0.0024161582914343786,
        0.9968044871149417,
        -0.07984345086873772,
        0.00978019856343808,
        0,
        0,
        0,
        1
      ],
      "fov": 90,
      "aspect": 1.64106463878327
    },
    {
      "camera_to_world": [
        -0.6276036179099086,
        0.06133011864620555,
        0.7761135969258854,
        -0.21464271504886678,
        0.7785296575631288,
        0.05238003182846281,
        0.625418183746113,
        0.9868493098316867,
        -0.0022958834968371464,
        0.9967421676705023,
        -0.08062121374971587,
        0.010708978427875188,
        0,
        0,
        0,
        1
      ],
      "fov": 90,
      "aspect": 1.64106463878327
    },
    {
      "camera_to_world": [
        -0.6835448524651724,
        0.057705390957266955,
        0.7276238880924917,
        -0.24430245123280842,
        0.7299054747904513,
        0.0569151175567525,
        0.6811744763747589,
        0.9801896452542196,
        -0.002105359658568424,
        0.9967099664636497,
        -0.08102351641800087,
        0.011606421644023535,
        0,
        0,
        0,
        1
      ],
      "fov": 90,
      "aspect": 1.64106463878327
    },
    {
      "camera_to_world": [
        -0.7341532291564018,
        0.05369726531803334,
        0.6768571783002619,
        -0.2733701130357077,
        0.6789812846719668,
        0.06078759071507752,
        0.7316346655813007,
        0.9726598053623416,
        -0.0018577363734888774,
        0.9967053087610304,
        -0.0810868442051216,
        0.012459147103122858,
        0,
        0,
        0,
        1
      ],
      "fov": 90,
      "aspect": 1.64106463878327
    },
    {
      "camera_to_world": [
        -0.7787906205738846,
        0.049513554510384944,
        0.6253267763544842,
        -0.3016252269355829,
        0.6272819980266567,
        0.06396699273998435,
        0.7761607557661545,
        0.9641800636966635,
        -0.0015697954737360427,
        0.9967229463394277,
        -0.08087585537489363,
        0.013253773696412834,
        0,
        0,
        0,
        1
      ],
      "fov": 90,
      "aspect": 1.64106463878327
    },
    {
      "camera_to_world": [
        -0.817266165759141,
        0.04534704365765434,
        0.5744733761775763,
        -0.3288473194104531,
        0.5762589919502941,
        0.06649245244651583,
        0.8145577499257367,
        0.954670693797797,
        -0.0012603577997138266,
        0.996755937729572,
        -0.08047367332897187,
        0.013976920315133184,
        0,
        0,
        0,
        1
      ],
      "fov": 90,
      "aspect": 1.64106463878327
    },
    {
      "camera_to_world": [
        -0.8497599404737864,
        0.04135484199315936,
        0.525545260286598,
        -0.3548159169383366,
        0.5271689892623939,
        0.06845528561168346,
        0.8469986603483437,
        0.944051969206353,
        -0.000948855127662185,
        0.9967966948759128,
        -0.07997154968113998,
        0.014615205850523599,
        0,
        0,
        0,
        1
      ],
      "fov": 90,
      "aspect": 1.64106463878327
    },
    {
      "camera_to_world": [
        -0.876713440485066,
        0.03764959521522614,
        0.47953733040605717,
        -0.3793105459972524,
        0.48101259350986425,
        0.06997774094435658,
        0.8739164723571917,
        0.9322441634629429,
        -0.0006543376441367628,
        0.99683781216026,
        -0.07946035545977204,
        0.015155249193823796,
        0,
        0,
        0,
        1
      ],
      "fov": 90,
      "aspect": 1.64106463878327
    },
    {
      "camera_to_world": [
        -0.8987176572314789,
        0.034300824848459296,
        0.43718420144725917,
        -0.40211073306521916,
        0.43852755506461033,
        0.07119399184306385,
        0.8958934082660196,
        0.9191675501081779,
        -0.00039500559193057793,
        0.9968725439795025,
        -0.07902515441564961,
        0.015583669236273467,
        0,
        0,
        0,
        1
      ],
      "fov": 90,
      "aspect": 1.64106463878327
    },
    {
      "camera_to_world": [
        -0.9164187729387778,
        0.03134261342644958,
        0.3989915703232153,
        -0.4229960046202557,
        0.4002206855972142,
        0.07223662477394766,
        0.9135673335126228,
        0.9047424026826691,
        -0.00018821658008777797,
        0.996894934596855,
        -0.0787429612705221,
        0.015887084869112326,
        0,
        0,
        0,
        1
      ],
      "fov": 90,
      "aspect": 1.64106463878327
    },
    {
      "camera_to_world": [
        -0.9304493501424227,
        0.028783926170928165,
        0.36528823196720955,
        -0.4417458871403807,
        0.36642052921847035,
        0.07322921660929789,
        0.9275631933200266,
        0.8888889947270278,
        -0.000050860588160228634,
        0.9968996777153533,
        -0.07868309846609682,
        0.016052114983580074,
        0,
        0,
        0,
        1
      ],
      "fov": 90,
      "aspect": 1.64106463878327
    },
    {
      "camera_to_world": [
        -0.9413840109126249,
        0.026619036520950577,
        0.3362849549009819,
        -0.45813990710361285,
        0.3373368405586012,
        0.07428401631208419,
        0.9384485819279004,
        0.8715275997818651,
        2.0816681711721685e-17,
        0.9968817943042406,
        -0.07890936690126017,
        0.016065378470916415,
        0,
        0,
        0,
        1
      ],
      "fov": 90,
      "aspect": 1.64106463878327
    },
    {
      "camera_to_world": [
        -0.9505648503671134,
        0.024630577617623016,
        0.3095477344332692,
        -0.47306976880717105,
        0.31052610174288897,
        0.07563324647891793,
        0.9475511343264933,
        0.8513690583611626,
        -0.00007336833468665761,
        0.9968314534931577,
        -0.07954274287328775,
        0.015923471111010813,
        0,
        0,
        0,
        1
      ],
      "fov": 90,
      "aspect": 1.64106463878327
    },
    {
      "camera_to_world": [
        -0.958601516468812,
        0.022694890227843656,
        0.283845159517016,
        -0.486809324138095,
        0.2847508733385923,
        0.07734554959198627,
        0.9554761148721732,
        0.8283157673484138,
        -0.0002697343195181071,
        0.9967460097315964,
        -0.08060595094369367,
        0.015642717316699202,
        0,
        0,
        0,
        1
      ],
      "fov": 90,
      "aspect": 1.64106463878327
    },
    {
      "camera_to_world": [
        -0.9656445889608469,
        0.020790918004515005,
        0.2590333290122468,
        -0.4994227287599982,
        0.25986578020016554,
        0.07937260184397105,
        0.9623771435136422,
        0.8026239777243884,
        -0.0005514450077959144,
        0.9966281793151587,
        -0.08204857161069533,
        0.015233962512975714,
        0,
        0,
        0,
        1
      ],
      "fov": 90,
      "aspect": 1.64106463878327
    },
    {
      "camera_to_world": [
        -0.9718122693101595,
        0.018905071173457945,
        0.23499683296198834,
        -0.5109741383364945,
        0.23575438526473377,
        0.0816695928265026,
        0.9683749002509312,
        0.7745499404698553,
        -0.0008848992516891398,
        0.9964801432499695,
        -0.08382446577124483,
        0.014708052124834461,
        0,
        0,
        0,
        1
      ],
      "fov": 90,
      "aspect": 1.64106463878327
    },
    {
      "camera_to_world": [
        -0.9771979494472262,
        0.01702929467821475,
        0.2116463340549488,
        -0.5215277085311971,
        0.2123267040200179,
        0.08419436638165274,
        0.9735649333401382,
        0.7443499065655842,
        -0.0012403048545303122,
        0.9963038250415155,
        -0.08589033619397049,
        0.014075831577269585,
        0,
        0,
        0,
        1
      ],
      "fov": 90,
      "aspect": 1.64106463878327
    },
    {
      "camera_to_world": [
        -0.9818761120210981,
        0.01515969575671551,
        0.18891660664667886,
        -0.53114759500772,
        0.1895171960746409,
        0.08690656636595663,
        0.9780237630622711,
        0.7122801269923441,
        -0.0015915509223088744,
        0.9961011155234409,
        -0.08820450452566636,
        0.0133481462952752,
        0,
        0,
        0,
        1
      ],
      "fov": 90,
      "aspect": 1.64106463878327
    },
    {
      "camera_to_world": [
        -0.9859070272664321,
        0.013295589177519239,
        0.16676498701792686,
        -0.5398979534296765,
        0.1672831786954002,
        0.08976682625421631,
        0.9818137578124521,
        0.6785968527309042,
        -0.0019161712422141458,
        0.9958740604176152,
        -0.09072587323968032,
        0.012535841703845425,
        0,
        0,
        0,
        1
      ],
      "fov": 90,
      "aspect": 1.64106463878327
    },
    {
      "camera_to_world": [
        -0.9893405771035528,
        0.011438858528770728,
        0.14517015882049628,
        -0.5478429394606803,
        0.14560358108559954,
        0.09273602402762109,
        0.9849871202318322,
        0.6435563347620342,
        -0.0021953750154778996,
        0.9956250209607568,
        -0.09341305029509614,
        0.011649763227974397,
        0,
        0,
        0,
        1
      ],
      "fov": 90,
      "aspect": 1.64106463878327
    },
    {
      "camera_to_world": [
        -0.9922194378669781,
        0.009593558886888285,
        0.12413118361967684,
        -0.5550467087643449,
        0.12447794639218511,
        0.09577461619658854,
        0.9875892181238008,
        0.607414824066503,
        -0.002414121149076165,
        0.9953568136704947,
        -0.096223622353337,
        0.010700756292656226,
        0,
        0,
        0,
        1
      ],
      "fov": 90,
      "aspect": 1.64106463878327
    },
    {
      "camera_to_world": [
        -0.9945817780243357,
        0.007765703375217485,
        0.10366668063094892,
        -0.561573417004284,
        0.10392558403754008,
        0.09884206239801552,
        0.9896614166892447,
        0.5704285716250804,
        -0.0025612115116132135,
        0.9950728317826767,
        -0.09911356942214238,
        0.009699666322885053,
        0,
        0,
        0,
        1
      ],
      "fov": 90,
      "aspect": 1.64106463878327
    },
    {
      "camera_to_world": [
        -0.9964635688195925,
        0.005963186159899387,
        0.08381405864259169,
        -0.5674872198441109,
        0.08398477475453209,
        0.101896351979233,
        0.9912435074504927,
        0.5328538284185349,
        -0.0026293772555346954,
        0.9947771478397293,
        -0.10203681938938235,
        0.008657338743654985,
        0,
        0,
        0,
        1
      ],
      "fov": 90,
      "aspect": 1.64106463878327
    },
    {
      "camera_to_world": [
        -0.9979005590320705,
        0.004195799330359828,
        0.06462870532093713,
        -0.5728522729474397,
        0.0647119334297402,
        0.10489364461133667,
        0.9923757801316674,
        0.49494684542763673,
        -0.002615330813883421,
        0.9944745942396567,
        -0.10494494488351501,
        0.007584618979960168,
        0,
        0,
        0,
        1
      ],
      "fov": 90,
      "aspect": 1.64106463878327
    },
    {
      "camera_to_world": [
        -0.9989299271209426,
        0.0024753025404257475,
        0.04618304428555923,
        -0.5777327319778834,
        0.0461806402877892,
        0.10778803718337077,
        0.9931007438839052,
        0.4569638736331543,
        -0.002519754900458587,
        0.9941708162672498,
        -0.10778700718431683,
        0.006492352456794701,
        0,
        0,
        0,
        1
      ],
      "fov": 90,
      "aspect": 1.64106463878327
    },
    {
      "camera_to_world": [
        -0.9995915936519085,
        0.000815503751352329,
        0.02856537859138779,
        -0.5821927525990562,
        0.02848045919892088,
        0.11053146838589739,
        0.9934644724096962,
        0.4191611640158578,
        -0.0023471992366198,
        0.9938722903120345,
        -0.11050955255386166,
        0.005391384599152731,
        0,
        0,
        0,
        1
      ],
      "fov": 90,
      "aspect": 1.64106463878327
    },
    {
      "camera_to_world": [
        -0.9999291540210207,
        -0.0007676916173909768,
        0.01187845058863651,
        -0.5862964904745712,
        0.011715473024450088,
        0.1130737702464296,
        0.9935175238384429,
        0.3817949675565161,
        -0.002105856267524864,
        0.993586298784277,
        -0.11305676555404494,
        0.004292560832028371,
        0,
        0,
        0,
        1
      ],
      "fov": 90,
      "aspect": 1.64106463878327
    },
    {
      "camera_to_world": [
        -0.9999903769027811,
        -0.002256305909879706,
        -0.0037623377672606735,
        -0.5901081012680421,
        -0.003997520337018421,
        0.11536287254100105,
        0.993315371606744,
        0.3451215352358985,
        -0.001807189251029965,
        0.9933208528580934,
        -0.1153707820216244,
        0.0032067265804157545,
        0,
        0,
        0,
        1
      ],
      "fov": 90,
      "aspect": 1.64106463878327
    },
    {
      "camera_to_world": [
        -0.9998272088507664,
        -0.0036304293491623923,
        -0.018231084016776818,
        -0.5936917406430827,
        -0.01853119190401483,
        0.11734516192885434,
        0.9929182785599768,
        0.3093971180347741,
        -0.0014653901537167156,
        0.9930845547860623,
        -0.11739216190643095,
        0.0021447272693089926,
        0,
        0,
        0,
        1
      ],
      "fov": 90,
      "aspect": 1.64106463878327
    },
    {
      "camera_to_world": [
        -0.9994952314633088,
        -0.004868509723302141,
        -0.03139394679203764,
        -0.5971115642633064,
        -0.03175026989977909,
        0.11896599356475039,
        0.9923905545381025,
        0.27487796693391264,
        -0.00109665099204829,
        0.9928863932939285,
        -0.11906051977198723,
        0.0011174083237022146,
        0,
        0,
        0,
        1
      ],
      "fov": 90,
      "aspect": 1.64106463878327
    },
    {
      "camera_to_world": [
        -0.9990525355832142,
        -0.0059478159472636264,
        -0.04311211697664974,
        -0.6004317277923269,
        -0.043514540961310265,
        0.12017034967553933,
        0.9917991589953004,
        0.24182033291408228,
        -0.0007182406820181461,
        0.9927354685636633,
        -0.12031530902593657,
        0.00013561516858952988,
        0,
        0,
        0,
        1
      ],
      "fov": 90,
      "aspect": 1.64106463878327
    },
    {
      "camera_to_world": [
        -0.9985580075289757,
        -0.006845084411702025,
        -0.05324519151208663,
        -0.6037163868937576,
        -0.0536822588936979,
        0.12090363785250448,
        0.9912116451263578,
        0.21048046695605405,
        -0.0003473900287873852,
        0.9926406475524902,
        -0.12109675531053996,
        -0.0007898067710349049,
        0,
        0,
        0,
        1
      ],
      "fov": 90,
      "aspect": 1.64106463878327
    },
    {
      "camera_to_world": [
        -0.9980690647356654,
        -0.00753733670070784,
        -0.06165493145835453,
        -0.6070296972312124,
        -0.062113943826440705,
        0.12111262186947126,
        0.990693489837411,
        0.18111462004059625,
        1.301042606982605e-17,
        0.9926101557909645,
        -0.12134693494537621,
        -0.0016480120701769872,
        0,
        0,
        0,
        1
      ],
      "fov": 90,
      "aspect": 1.64106463878327
    },
    {
      "camera_to_world": [
        -0.9977511250392407,
        -0.007965837210370412,
        -0.06655252001590757,
        -0.609689497073257,
        -0.06702736048327987,
        0.12093888111085259,
        0.990394426469727,
        0.15721359376275826,
        0.00015946653051546886,
        0.9926279929929405,
        -0.12120083373159073,
        -0.0023796029619321643,
        0,
        0,
        0,
        1
      ],
      "fov": 90,
      "aspect": 1.64106463878327
    },
    {
      "camera_to_world": [
        -0.9975945294814527,
        -0.008279427169581318,
        -0.06882300367190247,
        -0.6120501958614835,
        -0.06931915475739339,
        0.12055008313050064,
        0.9902840664379842,
        0.13306586021499758,
        0.00009763400866847664,
        0.9926727197535816,
        -0.12083402635279256,
        -0.0031887512603019858,
        0,
        0,
        0,
        1
      ],
      "fov": 90,
      "aspect": 1.64106463878327
    },
    {
      "camera_to_world": [
        -0.997598087090454,
        -0.00848795925225996,
        -0.06874599029179135,
        -0.6141232758542415,
        -0.06926782354116397,
        0.11996632342436934,
        0.9903585461164607,
        0.10870501791647458,
        -0.0001589192790903381,
        0.9927416762641585,
        -0.12026611722713572,
        -0.004065894629778131,
        0,
        0,
        0,
        1
      ],
      "fov": 90,
      "aspect": 1.64106463878327
    },
    {
      "camera_to_world": [
        -0.9977424076094565,
        -0.008601220489881318,
        -0.06660410695872745,
        -0.6159202193098814,
        -0.06715467843625436,
        0.11920624100466923,
        0.9905958415366279,
        0.08416466538635012,
        -0.0005807080233932397,
        0.9928322572880179,
        -0.11951473409822912,
        -0.005001470734852257,
        0,
        0,
        0,
        1
      ],
      "fov": 90,
      "aspect": 1.64106463878327
    },
    {
      "camera_to_world": [
        -0.9979963693027913,
        -0.008628601588900994,
        -0.06268009327583011,
        -0.6174525084867525,
        -0.06326101116805177,
        0.11828721806326935,
        0.9909622487808748,
        0.059478401143785976,
        -0.0011363645728273775,
        0.9929419324801791,
        -0.1185960682235505,
        -0.005985917240015993,
        0,
        0,
        0,
        1
      ],
      "fov": 90,
      "aspect": 1.64106463878327
    },
    {
      "camera_to_world": [
        -0.9983227429552477,
        -0.008578878261789219,
        -0.057254726844864656,
        -0.6187316256432053,
        -0.05786608784464908,
        0.11722555666410184,
        0.9914180171564096,
        0.03467982370794221,
        -0.0017935372496889384,
        0.9930682613559659,
        -0.11752536539646719,
        -0.007009671809761028,
        0,
        0,
        0,
        1
      ],
      "fov": 90,
      "aspect": 1.64106463878327
    },
    {
      "camera_to_world": [
        -0.9986828989509735,
        -0.008460084722081273,
        -0.050605279461483625,
        -0.6197690530375893,
        -0.05124566870662979,
        0.11603662472274164,
        0.9919220650644707,
        0.00980253159797999,
        -0.0025196788862855944,
        0.9932089048581113,
        -0.11631733546149162,
        -0.008063172108579009,
        0,
        0,
        0,
        1
      ],
      "fov": 90,
      "aspect": 1.64106463878327
    },
    {
      "camera_to_world": [
        -0.9990405794196577,
        -0.00827946216854875,
        -0.043004315818700296,
        -0.6205762729282546,
        -0.04367086352665101,
        0.11473497156608248,
        0.9924357621420978,
        -0.015119876666939773,
        -0.003282735394692935,
        0.9933616344544063,
        -0.11498646373551372,
        -0.009136855800961598,
        0,
        0,
        0,
        1
      ],
      "fov": 90,
      "aspect": 1.64106463878327
    },
    {
      "camera_to_world": [
        -0.9993647540199033,
        -0.008043467682319226,
        -0.03471874206220146,
        -0.6211647675735509,
        -0.035407228653238275,
        0.11333441818430798,
        0.9929257967310153,
        -0.040053802567656144,
        -0.004051738125236327,
        0.993524339048857,
        -0.1135472198501426,
        -0.010221160551400451,
        0,
        0,
        0,
        1
      ],
      "fov": 90,
      "aspect": 1.64106463878327
    },
    {
      "camera_to_world": [
        -0.999631603911051,
