{
  "keyframes": [
    {
      "matrix": "[-0.9063687371071241,0.4224875292773,5.293955920339377e-23,0,-0.4224875292770887,-0.9063687371066709,9.999999999142406e-7,0,4.224875292410677e-7,9.063687370293943e-7,0.9999999999995,0,6.12779310485214e-7,0.0000013146045061418457,1.4504080432780873,1]",
      "fov": 50,
      "aspect": 1,
      "properties": "[[\"FOV\",50],[\"NAME\",\"Camera 0\"],[\"TIME\",0]]"
    },
    {
      "matrix": "[0.9775589347347589,0.21066212075321822,6.938893903907228e-18,0,-0.2054020464098959,0.9531500250869371,0.22206987415540635,0,0.04678171064497819,-0.217086389616041,0.9750307538701546,0,-0.04698387196666224,-0.04728894933843069,0.1715679914252174,1]",
      "fov": 50,
      "aspect": 1,
      "properties": "[[\"FOV\",50],[\"NAME\",\"Camera 1\"],[\"TIME\",0.09090909090909093]]"
    },
    {
      "matrix": "[0.9198554487912011,-0.3922575089518848,0,0,0.03559599700707225,0.0834736647606843,0.9958740243065349,0,-0.3906390640043703,-0.9160601475679873,0.09074650247533844,0,-0.623008824391465,0.24890889238432157,0.03571751362941868,1]",
      "fov": 50,
      "aspect": 1,
      "properties": "[[\"FOV\",50],[\"NAME\",\"Camera 2\"],[\"TIME\",0.18181818181818185]]"
    },
    {
      "matrix": "[-0.9044397625754472,-0.4266013547475783,0,0,0.025459458143478053,-0.0539767303181955,0.9982175757695302,0,-0.4258409701561249,0.9028276672276321,0.05967974048873437,0,-0.290217880384373,1.0262492248800767,0.08277210240306124,1]",
      "fov": 50,
      "aspect": 1,
      "properties": "[[\"FOV\",50],[\"NAME\",\"Camera 3\"],[\"TIME\",0.27272727272727276]]"
    },
    {
      "matrix": "[-0.9945444881952374,0.10431328295319653,6.938893903907228e-18,0,-0.006833571608913465,-0.06515268991564316,0.9978519074972108,0,0.10408920837214342,0.9924081146364547,0.06551008093551769,0,0.276650170589388,1.1220737234376494,0.08900883671164533,1]",
      "fov": 50,
      "aspect": 1,
      "properties": "[[\"FOV\",50],[\"NAME\",\"Camera 4\"],[\"TIME\",0.3636363636363637]]"
    },
    {
      "matrix": "[-0.6023908508492655,0.7982012671081763,-1.1102230246251565e-16,0,-0.10487023699938691,-0.07914403784861856,0.991331657249333,0,0.7912821849408659,0.5971691204842381,0.131383200354121,0,0.9220521174919201,0.6401992726372691,0.15078792904421343,1]",
      "fov": 50,
      "aspect": 1,
      "properties": "[[\"FOV\",50],[\"NAME\",\"Camera 5\"],[\"TIME\",0.45454545454545453]]"
    },
    {
      "matrix": "[0.3634124919360625,0.9316283382899113,2.220446049250313e-16,0,-0.11160177571778279,0.043533969235559855,0.9927989913266608,0,0.924919674545557,-0.36079555542963115,0.11979216510592405,0,1.0734093161407754,-0.44478706001374996,0.13765997647793224,1]",
      "fov": 50,
      "aspect": 1,
      "properties": "[[\"FOV\",50],[\"NAME\",\"Camera 6\"],[\"TIME\",0.5454545454545454]]"
    },
    {
      "matrix": "[0.9945444881954586,0.10431328295108555,6.938893903907228e-18,0,-0.0207155213029665,0.19750607927488806,0.9800827596823688,0,0.10223565022622771,-0.9747359066174942,0.19858948656309083,0,0.110836186016917,-1.163121764569598,0.22985598626815026,1]",
      "fov": 50,
      "aspect": 1,
      "properties": "[[\"FOV\",50],[\"NAME\",\"Camera 7\"],[\"TIME\",0.6363636363636364]]"
    },
    {
      "matrix": "[0.7835052705052876,-0.6213851390968698,-5.551115123125783e-17,0,-0.007663782610652259,-0.00966327272676648,0.9999239409056594,0,-0.6213378771059535,-0.7834456778040019,-0.012333385735279867,0,-0.7507848507079996,-0.935336088284122,-0.021307961877906918,1]",
      "fov": 50,
      "aspect": 1,
      "properties": "[[\"FOV\",50],[\"NAME\",\"Camera 8\"],[\"TIME\",0.7272727272727272]]"
    },
    {
      "matrix": "[-0.22902488437932345,-0.9734205680665668,0,0,0.024006397058088103,-0.005648187937422833,0.9996958491827967,0,-0.9731245014053068,0.22895522627357962,0.02466189625083659,0,-1.1727800733651073,0.27911697906992916,0.023070735834342982,1]",
      "fov": 50,
      "aspect": 1,
      "properties": "[[\"FOV\",50],[\"NAME\",\"Camera 9\"],[\"TIME\",0.8181818181818181]]"
    },
    {
      "matrix": "[-0.7116816083053032,-0.7025021625589327,0,0,-0.0482971648424419,0.048928253582097514,0.9976339057337558,0,-0.7008399762200778,0.7099977025325004,-0.06875020094815776,0,-0.8445062626257771,0.8592957665799141,-0.08880348218638952,1]",
      "fov": 50,
      "aspect": 1,
      "properties": "[[\"FOV\",50],[\"NAME\",\"Camera 10\"],[\"TIME\",0.9090909090909091]]"
    },
    {
      "matrix": "[-0.997405598984809,-0.0719866037103743,-6.938893903907228e-18,0,-0.002709524772301214,0.03754164023842943,0.9992913907983579,0,-0.07193559334059016,0.9966988281995991,-0.03763929165490998,0,-0.08473716152401074,1.2056547083567535,-0.05121890139532396,1]",
      "fov": 50,
      "aspect": 1,
      "properties": "[[\"FOV\",50],[\"NAME\",\"Camera 11\"],[\"TIME\",1]]"
    }
  ],
  "render_height": 1080,
  "render_width": 1920,
  "camera_path": [
    {
      "camera_to_world": [
        -0.9063687371071241,
        -0.4224875292770886,
        4.224875292410676e-7,
        6.12779310485214e-7,
        0.42248752927729993,
        -0.9063687371066707,
        9.063687370293941e-7,
        0.0000013146045061418457,
        1.0587911840678757e-22,
        9.999999999142404e-7,
        0.9999999999995,
        1.4504080432780873,
        0,
        0,
        0,
        1
      ],
      "fov": 50,
      "aspect": 1
    },
    {
      "camera_to_world": [
        -0.8914482849097058,
        -0.453113074465907,
        0.0029149750595046505,
        -0.0017203759026195406,
        0.45306432156410537,
        -0.8914185217588997,
        -0.010282975777215455,
        -0.002771090718118706,
        0.007257813527580242,
        -0.007846069922656004,
        0.9999428800334386,
        1.385108740566251,
        0,
        0,
        0,
        1
      ],
      "fov": 50,
      "aspect": 1
    },
    {
      "camera_to_world": [
        -0.8699361561104964,
        -0.49311683012741553,
        0.006846614987265097,
        -0.0023171535907320516,
        0.4929183378196601,
        -0.8698568464714553,
        -0.019508431198807148,
        -0.006273408265283143,
        0.015575510675341178,
        -0.013596267569622488,
        0.9997862496430813,
        1.3173805850095435,
        0,
        0,
        0,
        1
      ],
      "fov": 50,
      "aspect": 1
    },
    {
      "camera_to_world": [
        -0.8381121402321094,
        -0.5453748221298818,
        0.01159067652697042,
        -0.001988110460406611,
        0.5449301146257078,
        -0.8380199170304519,
        -0.02781706013020224,
        -0.010376829997362535,
        0.02488394200214384,
        -0.01699770711225756,
        0.9995458305567382,
        1.2476521976982358,
        0,
        0,
        0,
        1
      ],
      "fov": 50,
      "aspect": 1
    },
    {
      "camera_to_world": [
        -0.7894096448222876,
        -0.6136329253222815,
        0.01694242078242967,
        -0.0009316366870227781,
        0.6128637249237248,
        -0.789396650508942,
        -0.0353692357548223,
        -0.014952547874732252,
        0.03507801781980811,
        -0.017537420724905054,
        0.9992306898510228,
        1.1763521997226,
        0,
        0,
        0,
        1
      ],
      "fov": 50,
      "aspect": 1
    },
    {
      "camera_to_world": [
        -0.711999719790964,
        -0.7018126624405617,
        0.022702111260383,
        0.0006538775540398823,
        0.7006790832623592,
        -0.7122192498643289,
        -0.04233866319704141,
        -0.019871753857767654,
        0.04588269059469638,
        -0.014238221826572221,
        0.9988453592739011,
        1.1039092121729075,
        0,
        0,
        0,
        1
      ],
      "fov": 50,
      "aspect": 1
    },
    {
      "camera_to_world": [
        -0.5852535979017599,
        -0.8103429914223319,
        0.028678605191876445,
        0.002570042087401814,
        0.8088839289029537,
        -0.5859307088235712,
        -0.04890801590770983,
        -0.025005639906844117,
        0.056435943383332104,
        -0.005425929433162005,
        0.9983914781207919,
        1.0307518561394284,
        0,
        0,
        0,
        1
      ],
      "fov": 50,
      "aspect": 1
    },
    {
      "camera_to_world": [
        -0.37978792169640796,
        -0.9244228648660393,
        0.034691518363825044,
        0.004618466737683454,
        0.922835243019948,
        -0.38120966665318773,
        -0.05526576056184324,
        -0.030225397982336994,
        0.06431367485874638,
        0.011025287435257745,
        0.9978688261806424,
        0.9573087527124358,
        0,
        0,
        0,
        1
      ],
      "fov": 50,
      "aspect": 1
    },
    {
      "camera_to_world": [
        -0.08121350517193686,
        -0.9958706105173423,
        0.04057208012295945,
        0.006600761329505243,
        0.9945917688793345,
        -0.08361898980120995,
        -0.06160420295809087,
        -0.03540222004462167,
        0.06474241156432385,
        0.03534956368105842,
        0.9972757033500788,
        0.8840085229821998,
        0,
        0,
        0,
        1
      ],
      "fov": 50,
      "aspect": 1
    },
    {
      "camera_to_world": [
        0.2553796949368723,
        -0.9657381658793536,
        0.0461628246312137,
        0.008318535687487607,
        0.9653231892329963,
        0.2520138448111253,
        -0.06811873716203926,
        -0.04040729805407349,
        0.05415119336623167,
        0.06195818741293322,
        0.9966086650584156,
        0.8112797880389927,
        0,
        0,
        0,
        1
      ],
      "fov": 50,
      "aspect": 1
    },
    {
      "camera_to_world": [
        0.5298672037968332,
        -0.8465266604721615,
        0.05131626886646504,
        0.009573399636251,
        0.8472941920188491,
        0.5258006408232977,
        -0.07500825475196203,
        -0.045111823971067846,
        0.036514360348375595,
        0.0832243907737361,
        0.9958616381147984,
        0.7395511689730853,
        0,
        0,
        0,
        1
      ],
      "fov": 50,
      "aspect": 1
    },
    {
      "camera_to_world": [
        0.7065960963322285,
        -0.7054062385737869,
        0.055892711772086275,
        0.010166963000415856,
        0.7073635346580713,
        0.7020216729773211,
        -0.08247666643459044,
        -0.049386989755980076,
        0.018941660014250128,
        0.09781415670190471,
        0.9950244239538041,
        0.6692512868747496,
        0,
        0,
        0,
        1
      ],
      "fov": 50,
      "aspect": 1
    },
    {
      "camera_to_world": [
        0.8103870169017257,
        -0.5828395603562737,
        0.059757256637398296,
        0.009900835604602608,
        0.585875594264732,
        0.8053054433296881,
        -0.09073550015579117,
        -0.053103987369185576,
        0.004761394970961945,
        0.10854118954240344,
        0.9940805496993947,
        0.6008087628342561,
        0,
        0,
        0,
        1
      ],
      "fov": 50,
      "aspect": 1
    },
    {
      "camera_to_world": [
        0.8713666384483078,
        -0.4865997748633038,
        0.06277611410622748,
        0.008576627273431711,
        0.49059958461181663,
        0.8656272493678755,
        -0.10000756336657239,
        -0.05613400877105969,
        -0.00567705716097587,
        0.11794118981419552,
        0.9930043538510811,
        0.5346522179418771,
        0,
        0,
        0,
        1
      ],
      "fov": 50,
      "aspect": 1
    },
    {
      "camera_to_world": [
        0.9085324222829402,
        -0.41275685063403494,
        0.06481218955849623,
        0.0059959478315236014,
        0.41761733003012635,
        0.901874997955154,
        -0.11053168650617565,
        -0.05834824592197779,
        -0.012829782507980322,
        0.12748831443729988,
        0.9917570904020472,
        0.47121027328788356,
        0,
        0,
        0,
        1
      ],
      "fov": 50,
      "aspect": 1
    },
    {
      "camera_to_world": [
        0.9322408176047544,
        -0.355820113038823,
        0.06571989918326597,
        0.001960407103498707,
        0.36143259200631794,
        0.9243069953960856,
        -0.12256859180660819,
        -0.05961789078231525,
        -0.017132992360181565,
        0.1380167577466575,
        0.9902816948494435,
        0.410911549962547,
        0,
        0,
        0,
        1
      ],
      "fov": 50,
      "aspect": 1
    },
    {
      "camera_to_world": [
        0.9480593326866084,
        -0.3113106230203694,
        0.06533909779368295,
        -0.003728385086022551,
        0.3175346554645937,
        0.9383840448951125,
        -0.13640794282324487,
        -0.05981413531244745,
        -0.018847925212202247,
        0.15007025115244305,
        0.9884956628302615,
        0.3541846690561386,
        0,
        0,
        0,
        1
      ],
      "fov": 50,
      "aspect": 1
    },
    {
      "camera_to_world": [
        0.9590642867951776,
        -0.27598002574019664,
        0.0634879452061379,
        -0.011268818912419681,
        0.28261110557416236,
        0.9470545571492274,
        -0.152376601842378,
        -0.05880817147274972,
        -0.018073649332850165,
        0.1640813553555715,
        0.9862812235992694,
        0.30145825165893014,
        0,
        0,
        0,
        1
      ],
      "fov": 50,
      "aspect": 1
    },
    {
      "camera_to_world": [
        0.9670202649358398,
        -0.2475424508714686,
        0.05995450124857122,
        -0.020859284551072332,
        0.254270251081871,
        0.9519231044275841,
        -0.17084801044119044,
        -0.05647119122359742,
        -0.014779939721820845,
        0.18045813440656358,
        0.9834716137786196,
        0.2531609188611929,
        0,
        0,
        0,
        1
      ],
      "fov": 50,
      "aspect": 1
    },
    {
      "camera_to_world": [
        0.9729741013529076,
        -0.22439380764851585,
        0.05448685332722994,
        -0.03269817217735993,
        0.2307453362347344,
        0.9538320770041285,
        -0.19225233076326984,
        -0.05267438652536596,
        -0.008831075949259028,
        0.19962912604875876,
        0.979831732559518,
        0.20972129175319815,
        0,
        0,
        0,
        1
      ],
      "fov": 50,
      "aspect": 1
    },
    {
      "camera_to_world": [
        0.9775589347347589,
        -0.20540204640989596,
        0.0467817106449782,
        -0.04698387196666224,
        0.21066212075321825,
        0.9531500250869372,
        -0.21708638961604104,
        -0.04728894933843069,
        6.938893903907227e-18,
        0.2220698741554064,
        0.9750307538701547,
        0.1715679914252174,
        0,
        0,
        0,
        1
      ],
      "fov": 50,
      "aspect": 1
    },
    {
      "camera_to_world": [
        0.9812247113890387,
        -0.18946838586430867,
        0.0360526908492495,
        -0.06492786291291158,
        0.192432965419585,
        0.9492066155233442,
        -0.24895050686139056,
        -0.04080036434416816,
        0.012946798033603608,
        0.25121411545669947,
        0.9678449507105904,
        0.13876956550421368,
        0,
        0,
        0,
        1
      ],
      "fov": 50,
      "aspect": 1
    },
    {
      "camera_to_world": [
        0.9842121994913227,
        -0.17565400064542014,
        0.02172598512638717,
        -0.08724989980209336,
        0.1743247449143092,
        0.9408144505442174,
        -0.2906528048337799,
        -0.033745574654094404,
        0.03061420720865217,
        0.2898514131489462,
        0.956581898539035,
        0.11086879309676372,
        0,
        0,
        0,
        1
      ],
      "fov": 50,
      "aspect": 1
    },
    {
      "camera_to_world": [
        0.9865260984695587,
        -0.16355984887736053,
        0.00379906220605794,
        -0.113410786497666,
        0.155014935164667,
        0.9270575102984551,
        -0.34137185366565304,
        -0.026072959873794235,
        0.05231277964632161,
        0.33736115430565644,
        0.9399206480609044,
        0.0875056425125598,
        0,
        0,
        0,
        1
      ],
      "fov": 50,
      "aspect": 1
    },
    {
      "camera_to_world": [
        0.9880712265494268,
        -0.15298531851709093,
        -0.017627920561871478,
        -0.14287132686308796,
        0.13327239751773196,
        0.906829280739353,
        -0.39987388468568824,
        -0.017730899608852397,
        0.07716034813935889,
        0.39275456446993917,
        0.9164006398748538,
        0.06832008206129406,
        0,
        0,
        0,
        1
      ],
      "fov": 50,
      "aspect": 1
    },
    {
      "camera_to_world": [
        0.9887046169846837,
        -0.1437936333421925,
        -0.04226785260006878,
        -0.1750923247618177,
        0.10799486723151619,
        0.8790487893460571,
        -0.46433859908570874,
        -0.008667773464853649,
        0.10392443891990577,
        0.45452900563053455,
        0.8846485709227706,
        0.05295208005265862,
        0,
        0,
        0,
        1
      ],
      "fov": 50,
      "aspect": 1
    },
    {
      "camera_to_world": [
        0.9882939428330741,
        -0.13577062277396612,
        -0.06958031726735658,
        -0.20953458405731365,
        0.07832497640269738,
        0.8429299118876967,
        -0.5322916134192955,
        0.0011680389526172038,
        0.13092089455458786,
        0.5206107006550762,
        0.8436967569763778,
        0.04104160479634569,
        0,
        0,
        0,
        1
      ],
      "fov": 50,
      "aspect": 1
    },
    {
      "camera_to_world": [
        0.9867804737143618,
        -0.12849667581473237,
        -0.0987567769858015,
        -0.24565890861303444,
        0.0438266452328101,
        0.7982535979577609,
        -0.6007249108494893,
        0.011828158037975498,
        0.15602410667488908,
        0.5884554338707843,
        0.7933326417614808,
        0.03222862460204728,
        0,
        0,
        0,
        1
      ],
      "fov": 50,
      "aspect": 1
    },
    {
      "camera_to_world": [
        0.9842274841676413,
        -0.12128660443136703,
        -0.12878594253467604,
        -0.2829261022924385,
        0.004670575789354176,
        0.7455459513770081,
        -0.6664378591490341,
        0.023364204185636422,
        0.17684582305169574,
        0.6553249529591109,
        0.7343532943333932,
        0.026153107779455616,
        0,
        0,
        0,
        1
      ],
      "fov": 50,
      "aspect": 1
    },
    {
      "camera_to_world": [
        0.9808257606838001,
        -0.11325834507891167,
        -0.15859815398998617,
        -0.3207969689589841,
        -0.038255646344551274,
        0.6860733834387671,
        -0.7265258550524152,
        0.03582779779001519,
        0.19109508811533027,
        0.7186625493281729,
        0.6685856770013292,
        0.022455022638262816,
        0,
        0,
        0,
        1
      ],
      "fov": 50,
      "aspect": 1
    },
    {
      "camera_to_world": [
        0.9768409760019703,
        -0.1035421058647976,
        -0.18724513322540948,
        -0.35873231247612997,
        -0.08339918772805939,
        0.6216492065121806,
        -0.7788432701956641,
        0.04927055924552711,
        0.19704386082752795,
        0.7764221122275301,
        0.598617090095432,
        0.020774337488161015,
        0,
        0,
        0,
        1
      ],
      "fov": 50,
      "aspect": 1
    },
    {
      "camera_to_world": [
        0.9725230789089919,
        -0.09155424237100301,
        -0.2140483162588445,
        -0.39619293670733463,
        -0.12878936792202464,
        0.5543473044583082,
        -0.8222605212157843,
        0.06374410894658741,
        0.19393854619342704,
        0.8272344811138373,
        0.5273243343111529,
        0.02075102063884232,
        0,
        0,
        0,
        1
      ],
      "fov": 50,
      "aspect": 1
    },
    {
      "camera_to_world": [
        0.9680277835432491,
        -0.07720350514344546,
        -0.23866677414736764,
        -0.43263964551605616,
        -0.17242479748607156,
        0.4862457809298521,
        -0.8566415409842122,
        0.07930006728761124,
        0.1821864415927591,
        0.870404882409034,
        0.4573876268312075,
        0.022025040399998946,
        0,
        0,
        0,
        1
      ],
      "fov": 50,
      "aspect": 1
    },
    {
      "camera_to_world": [
        0.9633924090539631,
        -0.060928036090379147,
        -0.261080142093134,
        -0.46753324276575364,
        -0.21267139408719773,
        0.41925997117422864,
        -0.8826052088606732,
        0.09599005466301408,
        0.16323585486715061,
        0.9058194361952908,
        0.39095422327509904,
        0.02423636508132293,
        0,
        0,
        0,
        1
      ],
      "fov": 50,
      "aspect": 1
    },
    {
      "camera_to_world": [
        0.9585666508200583,
        -0.043559329851758005,
        -0.2815183132914841,
        -0.500334532319885,
        -0.24853752267567536,
        0.35504935952256456,
        -0.9012042233172539,
        0.11386569146721084,
        0.13920874885528775,
        0.933832178223412,
        0.32951234750258296,
        0.027024962992506563,
        0,
        0,
        0,
        1
      ],
      "fov": 50,
      "aspect": 1
    },
    {
      "camera_to_world": [
        0.9534629933363217,
        -0.026096916036777874,
        -0.3003785466898578,
        -0.5305043180419093,
        -0.2797580894505309,
        0.2949653592645602,
        -0.9136360589539566,
        0.13297859809461712,
        0.11244434945843446,
        0.9551514999241211,
        0.2739377310039111,
        0.030030802443241827,
        0,
        0,
        0,
        1
      ],
      "fov": 50,
      "aspect": 1
    },
    {
      "camera_to_world": [
        0.9479898817341603,
        -0.009498192830030658,
        -0.3181587158363204,
        -0.5575034037952844,
        -0.30670893156617024,
        0.24003198492817043,
        -0.9210397806332695,
        0.15338039493964778,
        0.08511648152497366,
        0.9707185125176123,
        0.22463471242976396,
        0.032893851743220986,
        0,
        0,
        0,
        1
      ],
      "fov": 50,
      "aspect": 1
    },
    {
      "camera_to_world": [
        0.9420532858614741,
        0.005451752499414093,
        -0.33541896933877335,
        -0.5807925934434689,
        -0.3302314176320671,
        0.19096978615807014,
        -0.9243796577075116,
        0.17512270239671826,
        0.05901539973867137,
        0.981580775672296,
        0.1817040545069337,
        0.035254079202136024,
        0,
        0,
        0,
        1
      ],
      "fov": 50,
      "aspect": 1
    },
    {
      "camera_to_world": [
        0.9355321618783827,
        0.018180944452271572,
        -0.3527733370735136,
        -0.5998326908499215,
        -0.35145327859207237,
        0.1482683403034501,
        -0.9243901190679957,
        0.19825714086024382,
        0.03549883178419549,
        0.9887800324250504,
        0.1450995534778576,
        0.03675145312967926,
        0,
        0,
        0,
        1
      ],
      "fov": 50,
      "aspect": 1
    },
    {
      "camera_to_world": [
        0.9282373806920338,
        0.02830845836334229,
        -0.37090968748616354,
        -0.6140844998781007,
        -0.37166257625205756,
        0.11230088894308113,
        -0.9215505627779071,
        0.22283533072463987,
        0.015565811886183539,
        0.9932709305761871,
        0.1147630775669565,
        0.03702594183554264,
        0,
        0,
        0,
        1
      ],
      "fov": 50,
      "aspect": 1
    },
    {
      "camera_to_world": [
        0.9198554487912013,
        0.03559599700707244,
        -0.39063906400436993,
        -0.6230088243914649,
        -0.39225750895188455,
        0.08347366476068459,
        -0.9160601475679875,
        0.24890889238432123,
        -3.469446951953614e-17,
        0.9958740243065353,
        0.09074650247533876,
        0.03571751362941866,
        0,
        0,
        0,
        1
      ],
      "fov": 50,
      "aspect": 1
    },
    {
      "camera_to_world": [
        0.909081939339143,
        0.0408569189232908,
        -0.41460914093092377,
        -0.6271524024188779,
        -0.41644577399041033,
        0.06055596026284271,
        -0.9071416058158577,
        0.27772943161384495,
        -0.01195595637793795,
        0.9973282748687818,
        0.07206502101816241,
        0.033991918705805056,
        0,
        0,
        0,
        1
      ],
      "fov": 50,
      "aspect": 1
    },
    {
      "camera_to_world": [
        0.8941691577832471,
        0.045040587672122656,
        -0.44545803700387815,
        -0.6275901207775976,
        -0.4471962093543861,
        0.041308165485087686,
        -0.8934814971801736,
        0.310223476010312,
        -0.02184187739794451,
        0.9981307434030907,
        0.05707846761543898,
        0.033198997655813335,
        0,
        0,
        0,
        1
      ],
      "fov": 50,
      "aspect": 1
    },
    {
      "camera_to_world": [
        0.8735121194092442,
        0.04819967351551831,
        -0.48441033093666364,
        -0.6245750065136733,
        -0.48587589413668664,
        0.024959833535559937,
        -0.8736713467928043,
        0.34595502870195655,
        -0.030019872452191718,
        0.9985258124770109,
        0.04522177655819771,
        0.03325485438405559,
        0,
        0,
        0,
        1
      ],
      "fov": 50,
      "aspect": 1
    },
    {
      "camera_to_world": [
        0.844566970894231,
        0.05038188571738717,
        -0.53307438248907,
        -0.6183600866731547,
        -0.5341872964251863,
        0.010950717084593586,
        -0.8452952230630926,
        0.3844880928170111,
        -0.03675002057813579,
        0.9986699892291213,
        0.03616197727742866,
        0.03407559279514388,
        0,
        0,
        0,
        1
      ],
      "fov": 50,
      "aspect": 1
    },
    {
      "camera_to_world": [
        0.8033044459796103,
        0.05161961101559411,
        -0.5933273825031088,
        -0.6091983883020909,
        -0.5940725659483541,
        -0.0011187047070927451,
        -0.8044106755179948,
        0.4253866714837097,
        -0.04218712430268343,
        0.9986661926081093,
        0.029767134304344002,
        0.03557731679369029,
        0,
        0,
        0,
        1
      ],
      "fov": 50,
      "aspect": 1
    },
    {
      "camera_to_world": [
        0.7433994807300727,
        0.05192966266457446,
        -0.6668287052803006,
        -0.5973429384465317,
        -0.6672397898503994,
        -0.011509192008828991,
        -0.7447540542620087,
        0.46821476783028504,
        -0.04634948641197011,
        0.9985844223874352,
        0.026093609840326614,
        0.03767613028430685,
        0,
        0,
        0,
        1
      ],
      "fov": 50,
      "aspect": 1
    },
    {
      "camera_to_world": [
        0.6553365942462209,
        0.05133310994809771,
        -0.7535906448893993,
        -0.5830467641525267,
        -0.7537428644665594,
        -0.020341231403325017,
        -0.6568545718579893,
        0.5125363849849706,
        -0.04904734964817301,
        0.9984744093506117,
        0.02536161202362671,
        0.040288137171605634,
        0,
        0,
        0,
        1
      ],
      "fov": 50,
      "aspect": 1
    },
    {
      "camera_to_world": [
        0.5265496091084828,
        0.049921927476080485,
        -0.8486773888261528,
        -0.5665628924661248,
        -0.8486856613624582,
        -0.027588165322149936,
        -0.5281775661005728,
        0.5579155260760001,
        -0.049781094257471944,
        0.9983720219894138,
        0.027841486370127788,
        0.04332944136019873,
        0,
        0,
        0,
        1
      ],
      "fov": 50,
      "aspect": 1
    },
    {
      "camera_to_world": [
        0.34592803400491745,
        0.04799290060470655,
        -0.937032804538368,
        -0.5481443504333758,
        -0.937045859660017,
        -0.0331402930049186,
        -0.34763023152995215,
        0.6039161942316061,
        -0.04773732484663027,
        0.9982977524121222,
        0.03350739239917658,
        0.04671614675469815,
        0,
        0,
        0,
        1
      ],
      "fov": 50,
      "aspect": 1
    },
    {
      "camera_to_world": [
        0.11658297671714912,
        0.046125688544538905,
        -0.9921092834945456,
        -0.5280441651003291,
        -0.9922823618769782,
        -0.037073514438347575,
        -0.11832695734715554,
        0.650102392580023,
        -0.04223889022707154,
        0.9982474519794589,
        0.04144756650158817,
        0.050364357259716025,
        0,
        0,
        0,
        1
      ],
      "fov": 50,
      "aspect": 1
    },
    {
      "camera_to_world": [
        -0.13175596710109394,
        0.0448566042461404,
        -0.9902667570855644,
        -0.5065153635130345,
        -0.9907074197349206,
        -0.03997224162323226,
        0.13000395525440792,
        0.6960381242494827,
        -0.03375164611439892,
        0.9981934206130189,
        0.049706352003031785,
        0.054190176779864346,
        0,
        0,
        0,
        1
      ],
      "fov": 50,
      "aspect": 1
    },
    {
      "camera_to_world": [
        -0.3557990212807271,
        0.04411159855479012,
        -0.9335208746078568,
        -0.4838109727175408,
        -0.9342491250617644,
        -0.042653538237277674,
        0.35406107947241117,
        0.7412873923682197,
        -0.024199768118820478,
        0.9981156458791648,
        0.05638730951387191,
        0.05810970921975524,
        0,
        0,
        0,
        1
      ],
      "fov": 50,
      "aspect": 1
    },
    {
      "camera_to_world": [
        -0.5297863904337977,
        0.04333685245467127,
        -0.847023197870312,
        -0.4601840197598981,
        -0.8479869096027347,
        -0.0454812325368826,
        0.5280621730718168,
        0.7854142000644666,
        -0.015639106545167175,
        0.9980247365202167,
        0.06084442160314161,
        0.06203905848400071,
        0,
        0,
        0,
        1
      ],
      "fov": 50,
      "aspect": 1
    },
    {
      "camera_to_world": [
        -0.653554482442224,
        0.042104177028786056,
        -0.7557074677124777,
        -0.43588753168615524,
        -0.7568252095757393,
        -0.04830955892402974,
        0.6518295702614328,
        0.8279825504664573,
        -0.009063146821900335,
        0.997944600062195,
        0.06343843138343142,
        0.06589432847721288,
        0,
        0,
        0,
        1
      ],
      "fov": 50,
      "aspect": 1
    },
    {
      "camera_to_world": [
        -0.7387292359208459,
        0.04029726664144357,
        -0.672796586121713,
        -0.4111745355423624,
        -0.6739871560871767,
        -0.050860220447618565,
        0.736990197631922,
        0.8685564467024242,
        -0.004519892180451759,
        0.9978924632831175,
        0.06473177193178827,
        0.06959162310400374,
        0,
        0,
        0,
        1
      ],
      "fov": 50,
      "aspect": 1
    },
    {
      "camera_to_world": [
        -0.7973407377906188,
        0.037973714076282916,
        -0.6023335827419593,
        -0.38629805837456854,
        -0.6035271107974542,
        -0.05292239900086022,
        0.7955842169226782,
        0.9066998919006013,
        -0.0016656506204623914,
        0.9978763534242339,
        0.06511535060770304,
        0.07304704626898538,
        0,
        0,
        0,
        1
      ],
      "fov": 50,
      "aspect": 1
    },
    {
      "camera_to_world": [
        -0.8382969409469846,
        0.03523866667453841,
        -0.5440739611210308,
        -0.3615111272288232,
        -0.5452139296244093,
        -0.05436207937226851,
        0.8365324472307294,
        0.9419768891892218,
        -0.00009870378844643868,
        0.9978992938655303,
        0.06478417677363967,
        0.07617670187676989,
        0,
        0,
        0,
        1
      ],
      "fov": 50,
      "aspect": 1
    },
    {
      "camera_to_world": [
        -0.867503009764417,
        0.03219221957878906,
        -0.4963891508164428,
        -0.3370667691511757,
        -0.4974316528512104,
        -0.055082775550116446,
        0.8657526428370914,
        0.9739514416965191,
        0.0005280069991935658,
        0.9979626991207069,
        0.06379790256992998,
        0.07889669383196934,
        0,
        0,
        0,
        1
      ],
      "fov": 50,
      "aspect": 1
    },
    {
      "camera_to_world": [
        -0.8887441263746222,
        0.02891421586011599,
        -0.45749081516004714,
        -0.3132180111876758,
        -0.45840335721338227,
        -0.054991873027914355,
        0.8870412932870612,
        1.0021875525507264,
        0.0004898266122201969,
        0.9980680648242766,
        0.06212807777336748,
        0.08112312603919576,
        0,
        0,
        0,
        1
      ],
      "fov": 50,
      "aspect": 1
    },
    {
      "camera_to_world": [
        -0.9044397625754471,
        0.025459458143478064,
        -0.4258409701561249,
        -0.290217880384373,
        -0.42660135474757827,
        -0.05397673031819541,
        0.9028276672276321,
        1.0262492248800767,
        -1.0408340855860843e-17,
        0.99821757576953,
        0.0596797404887346,
        0.08277210240306124,
        0,
        0,
        0,
        1
      ],
      "fov": 50,
      "aspect": 1
    },
    {
      "camera_to_world": [
        -0.9168739179731731,
        0.0223230796974011,
        -0.39855225335374383,
        -0.26724910156303594,
        -0.3991765960422043,
        -0.05255854541778785,
        0.915366399031407,
        1.0471031683135479,
        -0.0005135296313532775,
        0.9983683084996187,
        0.05710041042696552,
        0.08393893540970483,
        0,
        0,
        0,
        1
      ],
      "fov": 50,
      "aspect": 1
    },
    {
      "camera_to_world": [
        -0.9275656644549661,
        0.019862458114403014,
        -0.3731319081529628,
        -0.24336460065082624,
        -0.37365940285596033,
        -0.05135663890676336,
        0.926143156481506,
        1.0660327112824415,
        -0.0007673210180483943,
        0.9984828383091287,
        0.05505844913000508,
        0.08479895832864659,
        0,
        0,
        0,
        1
      ],
      "fov": 50,
      "aspect": 1
    },
    {
      "camera_to_world": [
        -0.9369495363240018,
        0.017933694445520305,
        -0.34900422488241184,
        -0.21862270635188397,
        -0.3494637646648916,
        -0.050374453630653286,
        0.9355947261542544,
        1.0830767851184735,
        -0.0008022271995505039,
        0.9985693751687701,
        0.05346549734709687,
        0.08538830623956987,
        0,
        0,
        0,
        1
      ],
      "fov": 50,
      "aspect": 1
    },
    {
      "camera_to_world": [
        -0.9453271065845821,
        0.016421806343200954,
        -0.3257099719579506,
        -0.1930817473703479,
        -0.3261230287108854,
        -0.049613547214477284,
        0.9440245050194598,
        1.098274321153362,
        -0.0006570394672961462,
        0.9986334764112522,
        0.0522565602572077,
        0.08574311422215806,
        0,
        0,
        0,
        1
      ],
      "fov": 50,
      "aspect": 1
    },
    {
      "camera_to_world": [
        -0.9529087725158562,
        0.015231345645730103,
        -0.3028743590536262,
        -0.16680005241035728,
        -0.30325687984480715,
        -0.049075549835340564,
        0.9516442902866339,
        1.1116642507188255,
        -0.00036890258444182745,
        0.9986789256403578,
        0.051383532310497,
        0.08589951735609455,
        0,
        0,
        0,
        1
      ],
      "fov": 50,
      "aspect": 1
    },
    {
      "camera_to_world": [
        -0.9598397722970315,
        0.014280171641134532,
        -0.28018509634647326,
        -0.13983595017605102,
        -0.28054876727645706,
        -0.04876271854095684,
        0.9586003267577973,
        1.1232855051465807,
        0.00002639020883504241,
        0.9987083027483026,
        0.05081068121135276,
        0.08589365072106277,
        0,
        0,
        0,
        1
      ],
      "fov": 50,
      "aspect": 1
    },
    {
      "camera_to_world": [
        -0.9662166649802558,
        0.01349525179174943,
        -0.25737761070751564,
        -0.11224776937156891,
        -0.2577306967937867,
        -0.048677775500719285,
        0.9649898248699259,
        1.133177015768345,
        0.0004942111101638656,
        0.9987233612724692,
        0.050511418550657744,
        0.08576164939674608,
        0,
        0,
        0,
        1
      ],
      "fov": 50,
      "aspect": 1
    },
    {
      "camera_to_world": [
        -0.9720978986774307,
        0.012809811470704448,
        -0.2342254984347536,
        -0.08409383870104986,
        -0.23457338589171983,
        -0.048823348704595794,
        0.9708715709364262,
        1.1413777139158368,
        0.0010010086003745479,
        0.9987252822229717,
        0.050465915531450765,
        0.08553964846282784,
        0,
        0,
        0,
        1
      ],
      "fov": 50,
      "aspect": 1
    },
    {
      "camera_to_world": [
        -0.9775106745138825,
        0.012161429434944483,
        -0.21053498722424624,
        -0.055432486868633335,
        -0.21088050665112218,
        -0.04920116266541746,
        0.9762728396851655,
        1.1479265309207727,
        0.0015143070959022828,
        0.9987148468038661,
        0.050659270104782425,
        0.08526378299899152,
        0,
        0,
        0,
        1
      ],
      "fov": 50,
      "aspect": 1
    },
    {
      "camera_to_world": [
        -0.982455535870253,
        0.011490848059407777,
        -0.18614263468848213,
        -0.02632204257845755,
        -0.1864862162850785,
        -0.049811050747184116,
        0.9811940431734879,
        1.1528623981148713,
        0.0020027914442200066,
        0.9986925551110999,
        0.05108002733059083,
        0.08497018808492045,
        0,
        0,
        0,
        1
      ],
      "fov": 50,
      "aspect": 1
    },
    {
      "camera_to_world": [
        -0.986909690551807,
        0.01074137779013086,
        -0.16091577143992603,
        0.0031791654653370374,
        -0.16125546900602025,
        -0.05064983451763733,
        0.9856121285673103,
        1.1562242468298498,
        0.0024364750327663066,
        0.9986587090024827,
        0.051718918423620086,
        0.08469499880029803,
        0,
        0,
        0,
        1
      ],
      "fov": 50,
      "aspect": 1
    },
    {
      "camera_to_world": [
        -0.9908298547215129,
        0.009858845690189683,
        -0.13475534183921198,
        0.03301280855861172,
        -0.1350867569346997,
        -0.05171011895080467,
        0.9894835176489596,
        1.1580510083974256,
        0.0027869505577251753,
        0.998613472150136,
        0.05256772913906531,
        0.08447435022480765,
        0,
        0,
        0,
        1
      ],
      "fov": 50,
      "aspect": 1
    },
    {
      "camera_to_world": [
        -0.994155300845353,
        0.008792078066002913,
        -0.10760082325134418,
        0.06312055799722727,
        -0.10791696213668667,
        -0.05297907606252169,
        0.9927472723622819,
        1.1583816141493166,
        0.003027719318997723,
        0.9985569171874193,
