{
  "keyframes": [
    {
      "matrix": "[0.0015824789029119702,0.2603758705799344,1.4454031273462678e-17,0,-0.03722816435901029,0.00022626053850936787,0.2577054611904949,0,0.25770070205657847,-0.001566220108498708,0.03722885196564733,0,3.0035981952284345,0.013382484726752401,0.4406037361392122,1]",
      "fov": 50,
      "aspect": 1.539553752535497,
      "properties": "[[\"FOV\",50],[\"NAME\",\"Camera 0\"],[\"TIME\",0]]"
    },
    {
      "matrix": "[-0.18272832794263644,0.18549516540067879,-1.4454031273462678e-17,0,-0.05392489868652138,-0.05312055734811113,0.24913531229324531,0,0.1774839673877695,0.17483662459525137,0.07569470473552317,0,2.0683531363825374,2.0700591813873084,0.889076226148313,1]",
      "fov": 50,
      "aspect": 1.539553752535497,
      "properties": "[[\"FOV\",50],[\"NAME\",\"Camera 1\"],[\"TIME\",0.14285714285714285]]"
    },
    {
      "matrix": "[-0.2603691253799533,0.0024529102337790347,2.2584423864785434e-19,0,-0.0008031377740226666,-0.08525068585967734,0.2460279814837104,0,0.002317700973903258,0.24601706461053421,0.08525446901584412,0,0.010884917936883072,2.9061305101007946,1.0013633210625823,1]",
      "fov": 50,
      "aspect": 1.539553752535497,
      "properties": "[[\"FOV\",50],[\"NAME\",\"Camera 2\"],[\"TIME\",0.2857142857142857]]"
    },
    {
      "matrix": "[-0.18489330586250588,-0.18333729480651423,-2.8908062546925356e-17,0,0.07056414154885607,-0.07116302997754412,0.24032190336019432,0,-0.1692136597617617,0.17064980141363886,0.10021713891385095,0,-2.0140677936996654,2.0164089844005257,1.1779998197957942,1]",
      "fov": 50,
      "aspect": 1.539553752535497,
      "properties": "[[\"FOV\",50],[\"NAME\",\"Camera 3\"],[\"TIME\",0.42857142857142855]]"
    },
    {
      "matrix": "[-0.0004903651142028593,-0.2603802176851991,-4.3362093820388033e-17,0,0.10714952281909189,-0.00020179101339220588,0.23731209657918045,0,-0.23731167602729078,0.0004469209226081574,0.1071497129598062,0,-2.8205918082145023,0.0005982753137989804,1.2601062856972913,1]",
      "fov": 50,
      "aspect": 1.539553752535497,
      "properties": "[[\"FOV\",50],[\"NAME\",\"Camera 4\"],[\"TIME\",0.5714285714285714]]"
    },
    {
      "matrix": "[0.18403508682757846,-0.18419876502328272,1.4454031273462678e-17,0,0.07510729277588299,0.07504055277269012,0.23775176582777535,0,-0.16819059615300253,-0.16804114274429333,0.10617057038299915,0,-2.000508379190096,-1.9984195243637382,1.2484892999188244,1]",
      "fov": 50,
      "aspect": 1.539553752535497,
      "properties": "[[\"FOV\",50],[\"NAME\",\"Camera 5\"],[\"TIME\",0.7142857142857143]]"
    },
    {
      "matrix": "[0.2603803402463078,0.0004202772345262157,0,0,-0.00018693899768370894,0.11581697942088187,0.2332048122882815,0,0.0003764130039091937,-0.23320450878453908,0.11581713042712669,0,0.0005808798815978618,-2.7719855532105266,1.3630053477969992,1]",
      "fov": 50,
      "aspect": 1.539553752535497,
      "properties": "[[\"FOV\",50],[\"NAME\",\"Camera 6\"],[\"TIME\",0.8571428571428571]]"
    },
    {
      "matrix": "[0.18324620786129808,0.18498358176927704,-2.8908062546925356e-17,0,-0.07672298282544483,0.07600239720790883,0.23692891690926243,0,0.16832262602221673,-0.16674173254087932,0.10799435403210936,0,1.9929696274767206,-1.9835206920983233,1.2702017567884523,1]",
      "fov": 50,
      "aspect": 1.539553752535497,
      "properties": "[[\"FOV\",50],[\"NAME\",\"Camera 7\"],[\"TIME\",1]]"
    }
  ],
  "camera_type": "perspective",
  "render_height": 800,
  "render_width": 450,
  "camera_path": [
    {
      "camera_to_world": [
        0.0,
        -0.34174306308670443,
        0.939793423488437,
        2.75,
        1.0,
        0.0,
        -0.0,
        0.0,
        -0.0,
        0.9397934234884371,
        0.3417430630867044,
        1.0,
        0.0,
        0.0,
        0.0,
        1.0
      ],
      "fov": 50,
      "aspect": 0.5625
    },
    {
      "camera_to_world": [
        -0.06540312923014306,
        -0.341011364955961,
        0.9377812536288926,
        2.7441120389061595,
        0.9978589232386035,
        -0.022351065718564662,
        0.06146543072605281,
        0.17985860538289342,
        0.0,
        0.9397934234884371,
        0.3417430630867044,
        1.0,
        0.0,
        0.0,
        0.0,
        1.0
      ],
      "fov": 50,
      "aspect": 0.5625
    },
    {
      "camera_to_world": [
        -0.13052619222005157,
        -0.338819403807459,
        0.9317533604705122,
        2.7264733687779787,
        0.9914448613738105,
        -0.04460642074232439,
        0.12266765704139206,
        0.3589470286051418,
        0.0,
        0.9397934234884372,
        0.3417430630867044,
        1.0,
        0.0,
        0.0,
        0.0,
        1.0
      ],
      "fov": 50,
      "aspect": 0.5625
    },
    {
      "camera_to_world": [
        -0.19509032201612825,
        -0.3351765659553523,
        0.9217355563772186,
        2.6971595211088837,
        0.9807852804032305,
        -0.06667076422436319,
        0.18334460161699875,
        0.5364983855443527,
        0.0,
        0.9397934234884371,
        0.3417430630867044,
        1.0,
        0.0,
        0.0,
        0.0,
        1.0
      ],
      "fov": 50,
      "aspect": 0.5625
    },
    {
      "camera_to_world": [
        -0.25881904510252074,
        -0.3300984505905821,
        0.9077707391241008,
        2.6562960222949377,
        0.9659258262890683,
        -0.08844961325851133,
        0.24323643646090615,
        0.711752374031932,
        0.0,
        0.9397934234884371,
        0.3417430630867044,
        1.0,
        0.0,
        0.0,
        0.0,
        1.0
      ],
      "fov": 50,
      "aspect": 0.5625
    },
    {
      "camera_to_world": [
        -0.32143946530316153,
        -0.3236068029827471,
        0.8899187082025545,
        2.604057856111541,
        0.9469301294951057,
        -0.10984970746965486,
        0.3020866955415509,
        0.8839585295836943,
        0.0,
        0.9397934234884371,
        0.3417430630867044,
        1.0,
        0.0,
        0.0,
        0.0,
        1.0
      ],
      "fov": 50,
      "aspect": 0.5625
    },
    {
      "camera_to_world": [
        -0.3826834323650898,
        -0.31572942136351967,
        0.8682559087496788,
        2.5406687144060385,
        0.9238795325112867,
        -0.13077940836897947,
        0.35964337301469346,
        1.0523794390039969,
        0.0,
        0.9397934234884371,
        0.3417430630867044,
        1.0,
        0.0,
        0.0,
        0.0,
        1.0
      ],
      "fov": 50,
      "aspect": 0.5625
    },
    {
      "camera_to_world": [
        -0.4422886902190013,
        -0.306500037890351,
        0.8428751041984652,
        2.466400039214893,
        0.8968727415326884,
        -0.151149091764048,
        0.415660002351132,
        1.2162938981022535,
        0.0,
        0.9397934234884371,
        0.3417430630867044,
        1.0,
        0.0,
        0.0,
        0.0,
        1.0
      ],
      "fov": 50,
      "aspect": 0.5625
    },
    {
      "camera_to_world": [
        -0.4999999999999999,
        -0.29595817420019405,
        0.8138849790505337,
        2.3815698604072066,
        0.8660254037844387,
        -0.17087153154335216,
        0.46989671174421843,
        1.3749999999999998,
        0.0,
        0.9397934234884371,
        0.3417430630867044,
        1.0,
        0.0,
        0.0,
        0.0,
        1.0
      ],
      "fov": 50,
      "aspect": 0.5625
    },
    {
      "camera_to_world": [
        -0.5555702330196023,
        -0.2841489721717864,
        0.7814096734724124,
        2.2865414338319994,
        0.8314696123025452,
        -0.18986227319191304,
        0.5221212512777607,
        1.527818140803906,
        0.0,
        0.9397934234884371,
        0.3417430630867044,
        1.0,
        0.0,
        0.0,
        0.0,
        1.0
      ],
      "fov": 50,
      "aspect": 0.5625
    },
    {
      "camera_to_world": [
        -0.6087614290087205,
        -0.2711230006211953,
        0.7455882517082869,
        2.181721685800897,
        0.7933533402912353,
        -0.20803999543847954,
        0.5721099874558185,
        1.6740939297739814,
        0.0,
        0.9397934234884371,
        0.3417430630867044,
        1.0,
        0.0,
        0.0,
        0.0,
        1.0
      ],
      "fov": 50,
      "aspect": 0.5625
    },
    {
      "camera_to_world": [
        -0.6593458151000688,
        -0.2569360387583839,
        0.7065741065855556,
        2.067559470567188,
        0.7518398074789775,
        -0.22532685848569733,
        0.6196488608356676,
        1.8132009915251892,
        0.0,
        0.9397934234884371,
        0.3417430630867044,
        1.0,
        0.0,
        0.0,
        0.0,
        1.0
      ],
      "fov": 50,
      "aspect": 0.5625
    },
    {
      "camera_to_world": [
        -0.7071067811865475,
        -0.2416488373320708,
        0.6645343026631947,
        1.9445436482630059,
        0.7071067811865476,
        -0.24164883733207076,
        0.6645343026631946,
        1.9445436482630054,
        0.0,
        0.9397934234884371,
        0.3417430630867044,
        1.0,
        0.0,
        0.0,
        0.0,
        1.0
      ],
      "fov": 50,
      "aspect": 0.5625
    },
    {
      "camera_to_world": [
        -0.7518398074789773,
        -0.22532685848569742,
        0.6196488608356678,
        1.8132009915251897,
        0.6593458151000691,
        -0.2569360387583838,
        0.7065741065855554,
        2.0675594705671876,
        0.0,
        0.9397934234884371,
        0.3417430630867044,
        1.0,
        0.0,
        0.0,
        0.0,
        1.0
      ],
      "fov": 50,
      "aspect": 0.5625
    },
    {
      "camera_to_world": [
        -0.7933533402912352,
        -0.20803999543847956,
        0.5721099874558188,
        1.6740939297739819,
        0.6087614290087208,
        -0.2711230006211952,
        0.7455882517082868,
        2.1817216858008965,
        0.0,
        0.9397934234884371,
        0.3417430630867044,
        1.0,
        0.0,
        0.0,
        0.0,
        1.0
      ],
      "fov": 50,
      "aspect": 0.5625
    },
    {
      "camera_to_world": [
        -0.8314696123025451,
        -0.18986227319191307,
        0.5221212512777609,
        1.5278181408039067,
        0.5555702330196025,
        -0.2841489721717863,
        0.7814096734724123,
        2.286541433831999,
        0.0,
        0.9397934234884371,
        0.3417430630867044,
        1.0,
        0.0,
        0.0,
        0.0,
        1.0
      ],
      "fov": 50,
      "aspect": 0.5625
    },
    {
      "camera_to_world": [
        -0.8660254037844387,
        -0.17087153154335222,
        0.4698967117442186,
        1.3750000000000002,
        0.5000000000000001,
        -0.29595817420019405,
        0.8138849790505336,
        2.381569860407206,
        0.0,
        0.9397934234884372,
        0.3417430630867044,
        1.0,
        0.0,
        0.0,
        0.0,
        1.0
      ],
      "fov": 50,
      "aspect": 0.5625
    },
    {
      "camera_to_world": [
        -0.8968727415326883,
        -0.15114909176404806,
        0.41566000235113215,
        1.216293898102254,
        0.4422886902190014,
        -0.306500037890351,
        0.8428751041984652,
        2.466400039214893,
        0.0,
        0.9397934234884371,
        0.3417430630867044,
        1.0,
        0.0,
        0.0,
        0.0,
        1.0
      ],
      "fov": 50,
      "aspect": 0.5625
    },
    {
      "camera_to_world": [
        -0.9238795325112867,
        -0.1307794083689795,
        0.3596433730146935,
        1.052379439003997,
        0.38268343236508984,
        -0.31572942136351967,
        0.8682559087496788,
        2.5406687144060385,
        0.0,
        0.9397934234884371,
        0.3417430630867044,
        1.0,
        0.0,
        0.0,
        0.0,
        1.0
      ],
      "fov": 50,
      "aspect": 0.5625
    },
    {
      "camera_to_world": [
        -0.9469301294951056,
        -0.10984970746965494,
        0.302086695541551,
        0.8839585295836947,
        0.3214394653031617,
        -0.3236068029827471,
        0.8899187082025543,
        2.6040578561115404,
        0.0,
        0.9397934234884371,
        0.3417430630867044,
        1.0,
        0.0,
        0.0,
        0.0,
        1.0
      ],
      "fov": 50,
      "aspect": 0.5625
    },
    {
      "camera_to_world": [
        -0.9659258262890682,
        -0.0884496132585114,
        0.24323643646090637,
        0.7117523740319327,
        0.25881904510252096,
        -0.33009845059058207,
        0.9077707391241008,
        2.6562960222949377,
        0.0,
        0.9397934234884371,
        0.3417430630867044,
        1.0,
        0.0,
        0.0,
        0.0,
        1.0
      ],
      "fov": 50,
      "aspect": 0.5625
    },
    {
      "camera_to_world": [
        -0.9807852804032304,
        -0.06667076422436322,
        0.18334460161699884,
        0.5364983855443529,
        0.1950903220161283,
        -0.3351765659553523,
        0.9217355563772186,
        2.6971595211088837,
        0.0,
        0.9397934234884371,
        0.3417430630867044,
        1.0,
        0.0,
        0.0,
        0.0,
        1.0
      ],
      "fov": 50,
      "aspect": 0.5625
    },
    {
      "camera_to_world": [
        -0.9914448613738105,
        -0.04460642074232443,
        0.1226676570413922,
        0.3589470286051422,
        0.1305261922200517,
        -0.338819403807459,
        0.9317533604705122,
        2.7264733687779787,
        0.0,
        0.9397934234884372,
        0.3417430630867044,
        1.0,
        0.0,
        0.0,
        0.0,
        1.0
      ],
      "fov": 50,
      "aspect": 0.5625
    },
    {
      "camera_to_world": [
        -0.9978589232386035,
        -0.022351065718564735,
        0.06146543072605301,
        0.179858605382894,
        0.06540312923014327,
        -0.341011364955961,
        0.9377812536288926,
        2.7441120389061595,
        0.0,
        0.9397934234884371,
        0.3417430630867044,
        1.0,
        0.0,
        0.0,
        0.0,
        1.0
      ],
      "fov": 50,
      "aspect": 0.5625
    },
    {
      "camera_to_world": [
        -1.0,
        -2.0925727416997233e-17,
        5.754575039674238e-17,
        1.6838893488276108e-16,
        6.123233995736767e-17,
        -0.34174306308670443,
        0.939793423488437,
        2.75,
        0.0,
        0.9397934234884371,
        0.3417430630867044,
        1.0,
        0.0,
        0.0,
        0.0,
        1.0
      ],
      "fov": 50,
      "aspect": 0.5625
    },
    {
      "camera_to_world": [
        -0.9978589232386035,
        0.022351065718564614,
        -0.06146543072605268,
        -0.17985860538289303,
        -0.06540312923014292,
        -0.341011364955961,
        0.9377812536288926,
        2.7441120389061595,
        0.0,
        0.9397934234884371,
        0.3417430630867044,
        1.0,
        0.0,
        0.0,
        0.0,
        1.0
      ],
      "fov": 50,
      "aspect": 0.5625
    },
    {
      "camera_to_world": [
        -0.9914448613738105,
        0.04460642074232432,
        -0.12266765704139188,
        -0.35894702860514127,
        -0.13052619222005138,
        -0.338819403807459,
        0.9317533604705122,
        2.7264733687779787,
        0.0,
        0.9397934234884371,
        0.3417430630867044,
        1.0,
        0.0,
        0.0,
        0.0,
        1.0
      ],
      "fov": 50,
      "aspect": 0.5625
    },
    {
      "camera_to_world": [
        -0.9807852804032305,
        0.06667076422436309,
        -0.1833446016169985,
        -0.5364983855443519,
        -0.19509032201612797,
        -0.3351765659553523,
        0.9217355563772187,
        2.697159521108884,
        0.0,
        0.9397934234884371,
        0.3417430630867044,
        1.0,
        0.0,
        0.0,
        0.0,
        1.0
      ],
      "fov": 50,
      "aspect": 0.5625
    },
    {
      "camera_to_world": [
        -0.9659258262890683,
        0.0884496132585113,
        -0.24323643646090604,
        -0.7117523740319317,
        -0.25881904510252063,
        -0.3300984505905822,
        0.9077707391241008,
        2.6562960222949377,
        0.0,
        0.9397934234884371,
        0.3417430630867044,
        1.0,
        0.0,
        0.0,
        0.0,
        1.0
      ],
      "fov": 50,
      "aspect": 0.5625
    },
    {
      "camera_to_world": [
        -0.9469301294951057,
        0.1098497074696548,
        -0.3020866955415507,
        -0.8839585295836938,
        -0.32143946530316136,
        -0.32360680298274713,
        0.8899187082025545,
        2.604057856111541,
        0.0,
        0.9397934234884371,
        0.3417430630867044,
        1.0,
        0.0,
        0.0,
        0.0,
        1.0
      ],
      "fov": 50,
      "aspect": 0.5625
    },
    {
      "camera_to_world": [
        -0.923879532511287,
        0.13077940836897936,
        -0.35964337301469324,
        -1.0523794390039962,
        -0.38268343236508956,
        -0.31572942136351967,
        0.8682559087496791,
        2.540668714406039,
        0.0,
        0.9397934234884371,
        0.3417430630867044,
        1.0,
        0.0,
        0.0,
        0.0,
        1.0
      ],
      "fov": 50,
      "aspect": 0.5625
    },
    {
      "camera_to_world": [
        -0.8968727415326884,
        0.151149091764048,
        -0.41566000235113193,
        -1.216293898102253,
        -0.4422886902190012,
        -0.3065000378903511,
        0.8428751041984653,
        2.466400039214893,
        0.0,
        0.9397934234884371,
        0.34174306308670443,
        1.0,
        0.0,
        0.0,
        0.0,
        1.0
      ],
      "fov": 50,
      "aspect": 0.5625
    },
    {
      "camera_to_world": [
        -0.8660254037844388,
        0.17087153154335213,
        -0.46989671174421827,
        -1.3749999999999993,
        -0.4999999999999998,
        -0.29595817420019416,
        0.8138849790505337,
        2.3815698604072066,
        0.0,
        0.9397934234884371,
        0.3417430630867044,
        1.0,
        0.0,
        0.0,
        0.0,
        1.0
      ],
      "fov": 50,
      "aspect": 0.5625
    },
    {
      "camera_to_world": [
        -0.8314696123025453,
        0.18986227319191293,
        -0.5221212512777604,
        -1.5278181408039053,
        -0.555570233019602,
        -0.2841489721717864,
        0.7814096734724125,
        2.286541433832,
        0.0,
        0.9397934234884371,
        0.3417430630867044,
        1.0,
        0.0,
        0.0,
        0.0,
        1.0
      ],
      "fov": 50,
      "aspect": 0.5625
    },
    {
      "camera_to_world": [
        -0.7933533402912354,
        0.20803999543847942,
        -0.5721099874558184,
        -1.674093929773981,
        -0.6087614290087203,
        -0.2711230006211953,
        0.7455882517082871,
        2.1817216858008974,
        0.0,
        0.9397934234884371,
        0.3417430630867044,
        1.0,
        0.0,
        0.0,
        0.0,
        1.0
      ],
      "fov": 50,
      "aspect": 0.5625
    },
    {
      "camera_to_world": [
        -0.7518398074789778,
        0.22532685848569722,
        -0.6196488608356674,
        -1.8132009915251883,
        -0.6593458151000685,
        -0.256936038758384,
        0.706574106585556,
        2.067559470567189,
        0.0,
        0.9397934234884371,
        0.3417430630867044,
        1.0,
        0.0,
        0.0,
        0.0,
        1.0
      ],
      "fov": 50,
      "aspect": 0.5625
    },
    {
      "camera_to_world": [
        -0.7071067811865476,
        0.24164883733207076,
        -0.6645343026631946,
        -1.9445436482630054,
        -0.7071067811865475,
        -0.2416488373320708,
        0.6645343026631947,
        1.9445436482630059,
        0.0,
        0.9397934234884371,
        0.3417430630867044,
        1.0,
        0.0,
        0.0,
        0.0,
        1.0
      ],
      "fov": 50,
      "aspect": 0.5625
    },
    {
      "camera_to_world": [
        -0.6593458151000691,
        0.2569360387583838,
        -0.7065741065855554,
        -2.0675594705671876,
        -0.7518398074789773,
        -0.22532685848569742,
        0.6196488608356678,
        1.8132009915251897,
        0.0,
        0.9397934234884371,
        0.3417430630867044,
        1.0,
        0.0,
        0.0,
        0.0,
        1.0
      ],
      "fov": 50,
      "aspect": 0.5625
    },
    {
      "camera_to_world": [
        -0.6087614290087208,
        0.2711230006211952,
        -0.7455882517082868,
        -2.1817216858008965,
        -0.793353340291235,
        -0.20803999543847956,
        0.5721099874558189,
        1.6740939297739823,
        0.0,
        0.9397934234884371,
        0.3417430630867044,
        1.0,
        0.0,
        0.0,
        0.0,
        1.0
      ],
      "fov": 50,
      "aspect": 0.5625
    },
    {
      "camera_to_world": [
        -0.5555702330196025,
        0.2841489721717863,
        -0.7814096734724123,
        -2.286541433831999,
        -0.8314696123025451,
        -0.18986227319191307,
        0.5221212512777609,
        1.5278181408039069,
        0.0,
        0.9397934234884371,
        0.3417430630867044,
        1.0,
        0.0,
        0.0,
        0.0,
        1.0
      ],
      "fov": 50,
      "aspect": 0.5625
    },
    {
      "camera_to_world": [
        -0.5000000000000003,
        0.295958174200194,
        -0.8138849790505335,
        -2.3815698604072058,
        -0.8660254037844385,
        -0.1708715315433523,
        0.4698967117442188,
        1.3750000000000009,
        0.0,
        0.9397934234884371,
        0.3417430630867044,
        1.0,
        0.0,
        0.0,
        0.0,
        1.0
      ],
      "fov": 50,
      "aspect": 0.5625
    },
    {
      "camera_to_world": [
        -0.4422886902190017,
        0.306500037890351,
        -0.8428751041984651,
        -2.4664000392148924,
        -0.8968727415326883,
        -0.15114909176404814,
        0.4156600023511324,
        1.2162938981022546,
        0.0,
        0.9397934234884371,
        0.3417430630867044,
        1.0,
        0.0,
        0.0,
        0.0,
        1.0
      ],
      "fov": 50,
      "aspect": 0.5625
    },
    {
      "camera_to_world": [
        -0.38268343236508984,
        0.31572942136351967,
        -0.8682559087496788,
        -2.5406687144060385,
        -0.9238795325112867,
        -0.1307794083689795,
        0.3596433730146935,
        1.052379439003997,
        0.0,
        0.9397934234884371,
        0.3417430630867044,
        1.0,
        0.0,
        0.0,
        0.0,
        1.0
      ],
      "fov": 50,
      "aspect": 0.5625
    },
    {
      "camera_to_world": [
        -0.32143946530316175,
        0.3236068029827471,
        -0.8899187082025543,
        -2.6040578561115404,
        -0.9469301294951056,
        -0.10984970746965496,
        0.30208669554155104,
        0.8839585295836948,
        0.0,
        0.9397934234884371,
        0.3417430630867044,
        1.0,
        0.0,
        0.0,
        0.0,
        1.0
      ],
      "fov": 50,
      "aspect": 0.5625
    },
    {
      "camera_to_world": [
        -0.258819045102521,
        0.33009845059058207,
        -0.9077707391241008,
        -2.6562960222949377,
        -0.9659258262890682,
        -0.08844961325851143,
        0.24323643646090642,
        0.7117523740319328,
        0.0,
        0.9397934234884371,
        0.3417430630867044,
        1.0,
        0.0,
        0.0,
        0.0,
        1.0
      ],
      "fov": 50,
      "aspect": 0.5625
    },
    {
      "camera_to_world": [
        -0.1950903220161286,
        0.3351765659553522,
        -0.9217355563772186,
        -2.6971595211088837,
        -0.9807852804032304,
        -0.06667076422436331,
        0.18334460161699911,
        0.5364983855443537,
        0.0,
        0.9397934234884371,
        0.3417430630867044,
        1.0,
        0.0,
        0.0,
        0.0,
        1.0
      ],
      "fov": 50,
      "aspect": 0.5625
    },
    {
      "camera_to_world": [
        -0.130526192220052,
        0.33881940380745895,
        -0.9317533604705122,
        -2.7264733687779787,
        -0.9914448613738104,
        -0.04460642074232453,
        0.12266765704139246,
        0.358947028605143,
        0.0,
        0.9397934234884371,
        0.3417430630867044,
        1.0,
        0.0,
        0.0,
        0.0,
        1.0
      ],
      "fov": 50,
      "aspect": 0.5625
    },
    {
      "camera_to_world": [
        -0.06540312923014356,
        0.341011364955961,
        -0.9377812536288926,
        -2.7441120389061595,
        -0.9978589232386034,
        -0.022351065718564832,
        0.06146543072605328,
        0.1798586053828948,
        0.0,
        0.9397934234884371,
        0.3417430630867044,
        1.0,
        0.0,
        0.0,
        0.0,
        1.0
      ],
      "fov": 50,
      "aspect": 0.5625
    },
    {
      "camera_to_world": [
        -1.2246467991473535e-16,
        0.34174306308670443,
        -0.939793423488437,
        -2.75,
        -1.0,
        -4.1851454833994467e-17,
        1.1509150079348475e-16,
        3.3677786976552215e-16,
        0.0,
        0.9397934234884371,
        0.3417430630867044,
        1.0,
        0.0,
        0.0,
        0.0,
        1.0
      ],
      "fov": 50,
      "aspect": 0.5625
    },
    {
      "camera_to_world": [
        0.06540312923014287,
        0.341011364955961,
        -0.9377812536288926,
        -2.7441120389061595,
        -0.9978589232386035,
        0.022351065718564597,
        -0.06146543072605263,
        -0.1798586053828929,
        0.0,
        0.9397934234884371,
        0.3417430630867044,
        1.0,
        0.0,
        0.0,
        0.0,
        1.0
      ],
      "fov": 50,
      "aspect": 0.5625
    },
    {
      "camera_to_world": [
        0.13052619222005132,
        0.338819403807459,
        -0.9317533604705122,
        -2.7264733687779787,
        -0.9914448613738105,
        0.0446064207423243,
        -0.12266765704139183,
        -0.35894702860514116,
        0.0,
        0.9397934234884371,
        0.3417430630867044,
        1.0,
        0.0,
        0.0,
        0.0,
        1.0
      ],
      "fov": 50,
      "aspect": 0.5625
    },
    {
      "camera_to_world": [
        0.1950903220161279,
        0.3351765659553523,
        -0.9217355563772187,
        -2.697159521108884,
        -0.9807852804032305,
        0.06667076422436306,
        -0.18334460161699845,
        -0.5364983855443518,
        0.0,
        0.9397934234884371,
        0.3417430630867044,
        1.0,
        0.0,
        0.0,
        0.0,
        1.0
      ],
      "fov": 50,
      "aspect": 0.5625
    },
    {
      "camera_to_world": [
        0.25881904510252035,
        0.3300984505905822,
        -0.9077707391241009,
        -2.656296022294938,
        -0.9659258262890684,
        0.0884496132585112,
        -0.24323643646090576,
        -0.7117523740319309,
        0.0,
        0.9397934234884371,
        0.3417430630867044,
        1.0,
        0.0,
        0.0,
        0.0,
        1.0
      ],
      "fov": 50,
      "aspect": 0.5625
    },
    {
      "camera_to_world": [
        0.3214394653031611,
        0.32360680298274713,
        -0.8899187082025545,
        -2.604057856111541,
        -0.9469301294951058,
        0.10984970746965472,
        -0.30208669554155043,
        -0.883958529583693,
        0.0,
        0.9397934234884371,
        0.3417430630867044,
        1.0,
        0.0,
        0.0,
        0.0,
        1.0
      ],
      "fov": 50,
      "aspect": 0.5625
    },
    {
      "camera_to_world": [
        0.3826834323650892,
        0.3157294213635197,
        -0.8682559087496792,
        -2.5406687144060394,
        -0.9238795325112871,
        0.13077940836897925,
        -0.3596433730146929,
        -1.0523794390039953,
        0.0,
        0.9397934234884371,
        0.3417430630867044,
        1.0,
        0.0,
        0.0,
        0.0,
        1.0
      ],
      "fov": 50,
      "aspect": 0.5625
    },
    {
      "camera_to_world": [
        0.4422886902190011,
        0.30650003789035113,
        -0.8428751041984653,
        -2.466400039214893,
        -0.8968727415326885,
        0.15114909176404795,
        -0.4156600023511318,
        -1.2162938981022529,
        0.0,
        0.9397934234884371,
        0.34174306308670443,
        1.0,
        0.0,
        0.0,
        0.0,
        1.0
      ],
      "fov": 50,
      "aspect": 0.5625
    },
    {
      "camera_to_world": [
        0.4999999999999998,
        0.29595817420019416,
        -0.8138849790505337,
        -2.3815698604072066,
        -0.8660254037844388,
        0.17087153154335213,
        -0.46989671174421827,
        -1.3749999999999993,
        0.0,
        0.9397934234884371,
        0.3417430630867044,
        1.0,
        0.0,
        0.0,
        0.0,
        1.0
      ],
      "fov": 50,
      "aspect": 0.5625
    },
    {
      "camera_to_world": [
        0.555570233019602,
        0.2841489721717864,
        -0.7814096734724125,
        -2.286541433832,
        -0.8314696123025453,
        0.18986227319191293,
        -0.5221212512777604,
        -1.5278181408039053,
        0.0,
        0.9397934234884371,
        0.3417430630867044,
        1.0,
        0.0,
        0.0,
        0.0,
        1.0
      ],
      "fov": 50,
      "aspect": 0.5625
    },
    {
      "camera_to_world": [
        0.6087614290087203,
        0.2711230006211953,
        -0.7455882517082871,
        -2.1817216858008974,
        -0.7933533402912354,
        0.20803999543847942,
        -0.5721099874558184,
        -1.674093929773981,
        0.0,
        0.9397934234884371,
        0.3417430630867044,
        1.0,
        0.0,
        0.0,
        0.0,
        1.0
      ],
      "fov": 50,
      "aspect": 0.5625
    },
    {
      "camera_to_world": [
        0.6593458151000685,
        0.256936038758384,
        -0.706574106585556,
        -2.067559470567189,
        -0.7518398074789778,
        0.22532685848569722,
        -0.6196488608356674,
        -1.8132009915251883,
        0.0,
        0.9397934234884371,
        0.3417430630867044,
        1.0,
        0.0,
        0.0,
        0.0,
        1.0
      ],
      "fov": 50,
      "aspect": 0.5625
    },
    {
      "camera_to_world": [
        0.7071067811865471,
        0.24164883733207096,
        -0.664534302663195,
        -1.9445436482630067,
        -0.707106781186548,
        0.24164883733207065,
        -0.6645343026631942,
        -1.9445436482630045,
        0.0,
        0.9397934234884371,
        0.3417430630867044,
        1.0,
        0.0,
        0.0,
        0.0,
        1.0
      ],
      "fov": 50,
      "aspect": 0.5625
    },
    {
      "camera_to_world": [
        0.7518398074789773,
        0.22532685848569742,
        -0.6196488608356678,
        -1.8132009915251899,
        -0.6593458151000691,
        0.2569360387583838,
        -0.7065741065855554,
        -2.0675594705671876,
        0.0,
        0.9397934234884371,
        0.3417430630867044,
        1.0,
        0.0,
        0.0,
        0.0,
        1.0
      ],
      "fov": 50,
      "aspect": 0.5625
    },
    {
      "camera_to_world": [
        0.793353340291235,
        0.20803999543847962,
        -0.5721099874558189,
        -1.6740939297739823,
        -0.6087614290087209,
        0.2711230006211952,
        -0.7455882517082867,
        -2.181721685800896,
        0.0,
        0.9397934234884371,
        0.3417430630867044,
        1.0,
        0.0,
        0.0,
        0.0,
        1.0
      ],
      "fov": 50,
      "aspect": 0.5625
    },
    {
      "camera_to_world": [
        0.8314696123025448,
        0.18986227319191323,
        -0.5221212512777613,
        -1.5278181408039082,
        -0.555570233019603,
        0.2841489721717862,
        -0.781409673472412,
        -2.286541433831998,
        0.0,
        0.9397934234884371,
        0.3417430630867044,
        1.0,
        0.0,
        0.0,
        0.0,
        1.0
      ],
      "fov": 50,
      "aspect": 0.5625
    },
    {
      "camera_to_world": [
        0.8660254037844385,
        0.17087153154335233,
        -0.46989671174421893,
        -1.3750000000000013,
        -0.5000000000000004,
        0.295958174200194,
        -0.8138849790505335,
        -2.3815698604072058,
        0.0,
        0.9397934234884372,
        0.3417430630867044,
        1.0,
        0.0,
        0.0,
        0.0,
        1.0
      ],
      "fov": 50,
      "aspect": 0.5625
    },
    {
      "camera_to_world": [
        0.8968727415326884,
        0.15114909176404806,
        -0.4156600023511321,
        -1.2162938981022537,
        -0.4422886902190014,
        0.306500037890351,
        -0.8428751041984652,
        -2.466400039214893,
        0.0,
        0.9397934234884371,
        0.3417430630867044,
        1.0,
        0.0,
        0.0,
        0.0,
        1.0
      ],
      "fov": 50,
      "aspect": 0.5625
    },
    {
      "camera_to_world": [
        0.9238795325112866,
        0.13077940836897967,
        -0.359643373014694,
        -1.0523794390039984,
        -0.3826834323650904,
        0.31572942136351956,
        -0.8682559087496787,
        -2.540668714406038,
        0.0,
        0.9397934234884372,
        0.3417430630867044,
        1.0,
        0.0,
        0.0,
        0.0,
        1.0
      ],
      "fov": 50,
      "aspect": 0.5625
    },
    {
      "camera_to_world": [
        0.9469301294951056,
        0.10984970746965496,
        -0.3020866955415511,
        -0.8839585295836949,
        -0.3214394653031618,
        0.3236068029827471,
        -0.8899187082025543,
        -2.6040578561115404,
        0.0,
        0.9397934234884371,
        0.3417430630867044,
        1.0,
        0.0,
        0.0,
        0.0,
        1.0
      ],
      "fov": 50,
      "aspect": 0.5625
    },
    {
      "camera_to_world": [
        0.9659258262890681,
        0.08844961325851161,
        -0.24323643646090687,
        -0.7117523740319341,
        -0.2588190451025215,
        0.3300984505905821,
        -0.9077707391241006,
        -2.656296022294937,
        0.0,
        0.9397934234884371,
        0.3417430630867044,
        1.0,
        0.0,
        0.0,
        0.0,
        1.0
      ],
      "fov": 50,
      "aspect": 0.5625
    },
    {
      "camera_to_world": [
        0.9807852804032304,
        0.06667076422436334,
        -0.18334460161699917,
        -0.5364983855443538,
        -0.19509032201612866,
        0.3351765659553523,
        -0.9217355563772186,
        -2.6971595211088832,
        0.0,
        0.9397934234884372,
        0.34174306308670443,
        1.0,
        0.0,
        0.0,
        0.0,
        1.0
      ],
      "fov": 50,
      "aspect": 0.5625
    },
    {
      "camera_to_world": [
        0.9914448613738103,
        0.04460642074232469,
        -0.12266765704139292,
        -0.3589470286051443,
        -0.13052619222005246,
        0.3388194038074589,
        -0.931753360470512,
        -2.7264733687779783,
        0.0,
        0.9397934234884371,
        0.3417430630867044,
        1.0,
        0.0,
        0.0,
        0.0,
        1.0
      ],
      "fov": 50,
      "aspect": 0.5625
    },
    {
      "camera_to_world": [
        0.9978589232386034,
        0.022351065718564846,
        -0.06146543072605333,
        -0.17985860538289494,
        -0.0654031292301436,
        0.341011364955961,
        -0.9377812536288926,
        -2.7441120389061595,
        0.0,
        0.9397934234884371,
        0.3417430630867044,
        1.0,
        0.0,
        0.0,
        0.0,
        1.0
      ],
      "fov": 50,
      "aspect": 0.5625
    },
    {
      "camera_to_world": [
        1.0,
        6.277718225099169e-17,
        -1.726372511902271e-16,
        -5.051668046482832e-16,
        -1.83697019872103e-16,
        0.34174306308670443,
        -0.939793423488437,
        -2.75,
        0.0,
        0.9397934234884371,
        0.3417430630867044,
        1.0,
        0.0,
        0.0,
        0.0,
        1.0
      ],
      "fov": 50,
      "aspect": 0.5625
    },
    {
      "camera_to_world": [
        0.9978589232386036,
        -0.022351065718564423,
        0.06146543072605216,
        0.1798586053828915,
        0.06540312923014237,
        0.341011364955961,
        -0.9377812536288928,
        -2.74411203890616,
        -0.0,
        0.9397934234884371,
        0.3417430630867044,
        1.0,
        0.0,
        0.0,
        0.0,
        1.0
      ],
      "fov": 50,
      "aspect": 0.5625
    },
    {
      "camera_to_world": [
        0.9914448613738105,
        -0.044606420742324286,
        0.12266765704139178,
        0.358947028605141,
        0.13052619222005127,
        0.338819403807459,
        -0.9317533604705122,
        -2.7264733687779787,
        -0.0,
        0.9397934234884371,
        0.3417430630867044,
        1.0,
        0.0,
        0.0,
        0.0,
        1.0
      ],
      "fov": 50,
      "aspect": 0.5625
    },
    {
      "camera_to_world": [
        0.9807852804032307,
        -0.06667076422436291,
        0.18334460161699798,
        0.5364983855443504,
        0.19509032201612742,
        0.33517656595535233,
        -0.9217355563772187,
        -2.697159521108884,
        -0.0,
        0.9397934234884371,
        0.3417430630867044,
        1.0,
        0.0,
        0.0,
        0.0,
        1.0
      ],
      "fov": 50,
      "aspect": 0.5625
    },
    {
      "camera_to_world": [
        0.9659258262890684,
        -0.08844961325851118,
        0.24323643646090573,
        0.7117523740319308,
        0.2588190451025203,
        0.3300984505905822,
        -0.9077707391241009,
        -2.656296022294938,
        -0.0,
        0.9397934234884371,
        0.3417430630867044,
        1.0,
        0.0,
        0.0,
        0.0,
        1.0
      ],
      "fov": 50,
      "aspect": 0.5625
    },
    {
      "camera_to_world": [
        0.9469301294951057,
        -0.10984970746965482,
        0.30208669554155076,
        0.883958529583694,
        0.3214394653031614,
        0.3236068029827471,
        -0.8899187082025545,
        -2.604057856111541,
        -0.0,
        0.9397934234884371,
        0.3417430630867044,
        1.0,
        0.0,
        0.0,
        0.0,
        1.0
      ],
      "fov": 50,
      "aspect": 0.5625
    },
    {
      "camera_to_world": [
        0.9238795325112871,
        -0.13077940836897922,
        0.35964337301469285,
        1.052379439003995,
        0.3826834323650891,
        0.3157294213635197,
        -0.8682559087496792,
        -2.5406687144060394,
        -0.0,
        0.9397934234884371,
        0.3417430630867044,
        1.0,
        0.0,
        0.0,
        0.0,
        1.0
      ],
      "fov": 50,
      "aspect": 0.5625
    },
    {
      "camera_to_world": [
        0.8968727415326885,
        -0.15114909176404792,
        0.41566000235113176,
        1.2162938981022529,
        0.442288690219001,
        0.3065000378903511,
        -0.8428751041984653,
        -2.4664000392148933,
        -0.0,
        0.9397934234884371,
        0.3417430630867044,
        1.0,
        0.0,
        0.0,
        0.0,
        1.0
      ],
      "fov": 50,
      "aspect": 0.5625
    },
    {
      "camera_to_world": [
        0.866025403784439,
        -0.17087153154335194,
        0.4698967117442179,
        1.3749999999999982,
        0.4999999999999993,
        0.29595817420019416,
        -0.813884979050534,
        -2.3815698604072075,
        -0.0,
        0.9397934234884371,
        0.3417430630867044,
        1.0,
        0.0,
        0.0,
        0.0,
        1.0
      ],
      "fov": 50,
      "aspect": 0.5625
    },
    {
      "camera_to_world": [
        0.8314696123025455,
