{
  "keyframes": [
    {
      "matrix": "[0.0015824789029119702,0.2603758705799344,1.4454031273462678e-17,0,-0.03722816435901029,0.00022626053850936787,0.2577054611904949,0,0.25770070205657847,-0.001566220108498708,0.03722885196564733,0,3.0035981952284345,0.013382484726752401,0.4406037361392122,1]",
      "fov": 50,
      "aspect": 1.539553752535497,
      "properties": "[[\"FOV\",50],[\"NAME\",\"Camera 0\"],[\"TIME\",0]]"
    },
    {
      "matrix": "[-0.18272832794263644,0.18549516540067879,-1.4454031273462678e-17,0,-0.05392489868652138,-0.05312055734811113,0.24913531229324531,0,0.1774839673877695,0.17483662459525137,0.07569470473552317,0,2.0683531363825374,2.0700591813873084,0.889076226148313,1]",
      "fov": 50,
      "aspect": 1.539553752535497,
      "properties": "[[\"FOV\",50],[\"NAME\",\"Camera 1\"],[\"TIME\",0.14285714285714285]]"
    },
    {
      "matrix": "[-0.2603691253799533,0.0024529102337790347,2.2584423864785434e-19,0,-0.0008031377740226666,-0.08525068585967734,0.2460279814837104,0,0.002317700973903258,0.24601706461053421,0.08525446901584412,0,0.010884917936883072,2.9061305101007946,1.0013633210625823,1]",
      "fov": 50,
      "aspect": 1.539553752535497,
      "properties": "[[\"FOV\",50],[\"NAME\",\"Camera 2\"],[\"TIME\",0.2857142857142857]]"
    },
    {
      "matrix": "[-0.18489330586250588,-0.18333729480651423,-2.8908062546925356e-17,0,0.07056414154885607,-0.07116302997754412,0.24032190336019432,0,-0.1692136597617617,0.17064980141363886,0.10021713891385095,0,-2.0140677936996654,2.0164089844005257,1.1779998197957942,1]",
      "fov": 50,
      "aspect": 1.539553752535497,
      "properties": "[[\"FOV\",50],[\"NAME\",\"Camera 3\"],[\"TIME\",0.42857142857142855]]"
    },
    {
      "matrix": "[-0.0004903651142028593,-0.2603802176851991,-4.3362093820388033e-17,0,0.10714952281909189,-0.00020179101339220588,0.23731209657918045,0,-0.23731167602729078,0.0004469209226081574,0.1071497129598062,0,-2.8205918082145023,0.0005982753137989804,1.2601062856972913,1]",
      "fov": 50,
      "aspect": 1.539553752535497,
      "properties": "[[\"FOV\",50],[\"NAME\",\"Camera 4\"],[\"TIME\",0.5714285714285714]]"
    },
    {
      "matrix": "[0.18403508682757846,-0.18419876502328272,1.4454031273462678e-17,0,0.07510729277588299,0.07504055277269012,0.23775176582777535,0,-0.16819059615300253,-0.16804114274429333,0.10617057038299915,0,-2.000508379190096,-1.9984195243637382,1.2484892999188244,1]",
      "fov": 50,
      "aspect": 1.539553752535497,
      "properties": "[[\"FOV\",50],[\"NAME\",\"Camera 5\"],[\"TIME\",0.7142857142857143]]"
    },
    {
      "matrix": "[0.2603803402463078,0.0004202772345262157,0,0,-0.00018693899768370894,0.11581697942088187,0.2332048122882815,0,0.0003764130039091937,-0.23320450878453908,0.11581713042712669,0,0.0005808798815978618,-2.7719855532105266,1.3630053477969992,1]",
      "fov": 50,
      "aspect": 1.539553752535497,
      "properties": "[[\"FOV\",50],[\"NAME\",\"Camera 6\"],[\"TIME\",0.8571428571428571]]"
    },
    {
      "matrix": "[0.18324620786129808,0.18498358176927704,-2.8908062546925356e-17,0,-0.07672298282544483,0.07600239720790883,0.23692891690926243,0,0.16832262602221673,-0.16674173254087932,0.10799435403210936,0,1.9929696274767206,-1.9835206920983233,1.2702017567884523,1]",
      "fov": 50,
      "aspect": 1.539553752535497,
      "properties": "[[\"FOV\",50],[\"NAME\",\"Camera 7\"],[\"TIME\",1]]"
    }
  ],
  "camera_type": "perspective",
  "render_height": 520.0,
  "render_width": 696.0,
  "camera_path": [
    {
      "camera_to_world": [
        0.0,
        0.0943640226730628,
        0.9955377598187612,
        13.678738857925087,
        1.0,
        0.0,
        -0.0,
        0.0,
        -0.0,
        0.9955377598187614,
        -0.09436402267306279,
        -1.2965664144804874,
        0.0,
        0.0,
        0.0,
        1.0
      ],
      "fov": 8.362471651813479,
      "aspect": 1.3384615384615384
    },
    {
      "camera_to_world": [
        -0.25881904510252074,
        0.09114864657243857,
        0.9616156332549051,
        13.212647133933675,
        0.9659258262890683,
        0.024423206240274734,
        0.25766413235979446,
        3.540318129414916,
        0.0,
        0.9955377598187614,
        -0.0943640226730628,
        -1.2965664144804874,
        0.0,
        0.0,
        0.0,
        1.0
      ],
      "fov": 8.362471651813479,
      "aspect": 1.3384615384615384
    },
    {
      "camera_to_world": [
        -0.49999999999999994,
        0.08172164083816315,
        0.8621609904296983,
        11.846135342696465,
        0.8660254037844387,
        0.047182011336531396,
        0.49776887990938057,
        6.839369428962542,
        0.0,
        0.9955377598187614,
        -0.09436402267306279,
        -1.2965664144804874,
        0.0,
        0.0,
        0.0,
        1.0
      ],
      "fov": 8.362471651813479,
      "aspect": 1.3384615384615384
    },
    {
      "camera_to_world": [
        -0.7071067811865475,
        0.06672544033216382,
        0.7039515008951106,
        9.67232900451876,
        0.7071067811865476,
        0.06672544033216382,
        0.7039515008951105,
        9.672329004518758,
        0.0,
        0.9955377598187614,
        -0.09436402267306279,
        -1.2965664144804874,
        0.0,
        0.0,
        0.0,
        1.0
      ],
      "fov": 8.362471651813479,
      "aspect": 1.3384615384615384
    },
    {
      "camera_to_world": [
        -0.8660254037844386,
        0.04718201133653141,
        0.49776887990938073,
        6.839369428962545,
        0.5000000000000001,
        0.08172164083816312,
        0.8621609904296982,
        11.846135342696464,
        0.0,
        0.9955377598187614,
        -0.09436402267306279,
        -1.2965664144804874,
        0.0,
        0.0,
        0.0,
        1.0
      ],
      "fov": 8.362471651813479,
      "aspect": 1.3384615384615384
    },
    {
      "camera_to_world": [
        -0.9659258262890682,
        0.024423206240274758,
        0.2576641323597947,
        3.540318129414919,
        0.25881904510252096,
        0.09114864657243857,
        0.961615633254905,
        13.212647133933674,
        0.0,
        0.9955377598187614,
        -0.0943640226730628,
        -1.2965664144804874,
        0.0,
        0.0,
        0.0,
        1.0
      ],
      "fov": 8.362471651813479,
      "aspect": 1.3384615384615384
    },
    {
      "camera_to_world": [
        -1.0,
        5.7781299160617316e-18,
        6.095910654961863e-17,
        8.3758118793652395e-16,
        6.123233995736766e-17,
        0.0943640226730628,
        0.9955377598187612,
        13.678738857925087,
        0.0,
        0.9955377598187614,
        -0.09436402267306279,
        -1.2965664144804874,
        0.0,
        0.0,
        0.0,
        1.0
      ],
      "fov": 8.362471651813479,
      "aspect": 1.3384615384615384
    },
    {
      "camera_to_world": [
        -0.9659258262890683,
        -0.024423206240274727,
        -0.25766413235979435,
        -3.5403181294149144,
        -0.25881904510252063,
        0.09114864657243858,
        0.9616156332549051,
        13.212647133933675,
        0.0,
        0.9955377598187614,
        -0.0943640226730628,
        -1.2965664144804874,
        0.0,
        0.0,
        0.0,
        1.0
      ],
      "fov": 8.362471651813479,
      "aspect": 1.3384615384615384
    },
    {
      "camera_to_world": [
        -0.8660254037844387,
        -0.04718201133653139,
        -0.4977688799093805,
        -6.839369428962541,
        -0.49999999999999983,
        0.08172164083816315,
        0.8621609904296984,
        11.846135342696465,
        0.0,
        0.9955377598187614,
        -0.0943640226730628,
        -1.2965664144804874,
        0.0,
        0.0,
        0.0,
        1.0
      ],
      "fov": 8.362471651813479,
      "aspect": 1.3384615384615384
    },
    {
      "camera_to_world": [
        -0.7071067811865476,
        -0.06672544033216382,
        -0.7039515008951105,
        -9.672329004518758,
        -0.7071067811865475,
        0.06672544033216382,
        0.7039515008951106,
        9.67232900451876,
        0.0,
        0.9955377598187614,
        -0.09436402267306279,
        -1.2965664144804874,
        0.0,
        0.0,
        0.0,
        1.0
      ],
      "fov": 8.362471651813479,
      "aspect": 1.3384615384615384
    },
    {
      "camera_to_world": [
        -0.5000000000000003,
        -0.08172164083816312,
        -0.8621609904296981,
        -11.846135342696462,
        -0.8660254037844384,
        0.04718201133653144,
        0.49776887990938096,
        6.839369428962548,
        0.0,
        0.9955377598187614,
        -0.09436402267306279,
        -1.2965664144804874,
        0.0,
        0.0,
        0.0,
        1.0
      ],
      "fov": 8.362471651813479,
      "aspect": 1.3384615384615384
    },
    {
      "camera_to_world": [
        -0.258819045102521,
        -0.09114864657243857,
        -0.961615633254905,
        -13.212647133933674,
        -0.9659258262890682,
        0.02442320624027476,
        0.25766413235979474,
        3.5403181294149197,
        0.0,
        0.9955377598187614,
        -0.0943640226730628,
        -1.2965664144804874,
        0.0,
        0.0,
        0.0,
        1.0
      ],
      "fov": 8.362471651813479,
      "aspect": 1.3384615384615384
    },
    {
      "camera_to_world": [
        -1.2246467991473532e-16,
        -0.0943640226730628,
        -0.9955377598187612,
        -13.678738857925087,
        -1.0,
        1.1556259832123463e-17,
        1.2191821309923725e-16,
        1.6751623758730479e-15,
        0.0,
        0.9955377598187614,
        -0.09436402267306279,
        -1.2965664144804874,
        0.0,
        0.0,
        0.0,
        1.0
      ],
      "fov": 8.362471651813479,
      "aspect": 1.3384615384615384
    },
    {
      "camera_to_world": [
        0.2588190451025204,
        -0.09114864657243858,
        -0.9616156332549051,
        -13.212647133933677,
        -0.9659258262890684,
        -0.0244232062402747,
        -0.2576641323597941,
        -3.540318129414911,
        0.0,
        0.9955377598187614,
        -0.09436402267306279,
        -1.2965664144804874,
        0.0,
        0.0,
        0.0,
        1.0
      ],
      "fov": 8.362471651813479,
      "aspect": 1.3384615384615384
    },
    {
      "camera_to_world": [
        0.4999999999999997,
        -0.08172164083816316,
        -0.8621609904296984,
        -11.846135342696467,
        -0.8660254037844388,
        -0.047182011336531375,
        -0.49776887990938035,
        -6.83936942896254,
        0.0,
        0.9955377598187614,
        -0.09436402267306279,
        -1.2965664144804874,
        0.0,
        0.0,
        0.0,
        1.0
      ],
      "fov": 8.362471651813479,
      "aspect": 1.3384615384615384
    },
    {
      "camera_to_world": [
        0.7071067811865471,
        -0.06672544033216386,
        -0.7039515008951108,
        -9.672329004518764,
        -0.7071067811865478,
        -0.0667254403321638,
        -0.7039515008951102,
        -9.672329004518755,
        0.0,
        0.9955377598187614,
        -0.09436402267306279,
        -1.2965664144804874,
        0.0,
        0.0,
        0.0,
        1.0
      ],
      "fov": 8.362471651813479,
      "aspect": 1.3384615384615384
    },
    {
      "camera_to_world": [
        0.8660254037844384,
        -0.047182011336531465,
        -0.49776887990938107,
        -6.8393694289625495,
        -0.5000000000000006,
        -0.08172164083816312,
        -0.8621609904296978,
        -11.84613534269646,
        0.0,
        0.9955377598187614,
        -0.09436402267306279,
        -1.2965664144804874,
        0.0,
        0.0,
        0.0,
        1.0
      ],
      "fov": 8.362471651813479,
      "aspect": 1.3384615384615384
    },
    {
      "camera_to_world": [
        0.9659258262890681,
        -0.024423206240274803,
        -0.25766413235979524,
        -3.540318129414927,
        -0.2588190451025215,
        -0.09114864657243853,
        -0.9616156332549048,
        -13.212647133933674,
        0.0,
        0.9955377598187614,
        -0.09436402267306279,
        -1.2965664144804874,
        0.0,
        0.0,
        0.0,
        1.0
      ],
      "fov": 8.362471651813479,
      "aspect": 1.3384615384615384
    },
    {
      "camera_to_world": [
        1.0,
        -1.7334389748185194e-17,
        -1.8287731964885586e-16,
        -2.512743563809572e-15,
        -1.8369701987210297e-16,
        -0.0943640226730628,
        -0.9955377598187612,
        -13.678738857925087,
        0.0,
        0.9955377598187614,
        -0.09436402267306279,
        -1.2965664144804874,
        0.0,
        0.0,
        0.0,
        1.0
      ],
      "fov": 8.362471651813479,
      "aspect": 1.3384615384615384
    },
    {
      "camera_to_world": [
        0.9659258262890684,
        0.02442320624027469,
        0.25766413235979396,
        3.54031812941491,
        0.2588190451025203,
        -0.09114864657243858,
        -0.9616156332549051,
        -13.212647133933677,
        -0.0,
        0.9955377598187614,
        -0.09436402267306279,
        -1.2965664144804874,
        0.0,
        0.0,
        0.0,
        1.0
      ],
      "fov": 8.362471651813479,
      "aspect": 1.3384615384615384
    },
    {
      "camera_to_world": [
        0.8660254037844389,
        0.04718201133653135,
        0.49776887990938007,
        6.839369428962534,
        0.4999999999999994,
        -0.08172164083816316,
        -0.8621609904296986,
        -11.846135342696469,
        -0.0,
        0.9955377598187614,
        -0.0943640226730628,
        -1.2965664144804874,
        0.0,
        0.0,
        0.0,
        1.0
      ],
      "fov": 8.362471651813479,
      "aspect": 1.3384615384615384
    },
    {
      "camera_to_world": [
        0.7071067811865477,
        0.06672544033216381,
        0.7039515008951103,
        9.672329004518756,
        0.7071067811865472,
        -0.06672544033216385,
        -0.7039515008951107,
        -9.672329004518762,
        -0.0,
        0.9955377598187614,
        -0.09436402267306279,
        -1.2965664144804874,
        0.0,
        0.0,
        0.0,
        1.0
      ],
      "fov": 8.362471651813479,
      "aspect": 1.3384615384615384
    },
    {
      "camera_to_world": [
        0.5000000000000006,
        0.08172164083816312,
        0.8621609904296978,
        11.84613534269646,
        0.8660254037844384,
        -0.047182011336531465,
        -0.49776887990938107,
        -6.8393694289625495,
        -0.0,
        0.9955377598187614,
        -0.09436402267306279,
        -1.2965664144804874,
        0.0,
        0.0,
        0.0,
        1.0
      ],
      "fov": 8.362471651813479,
      "aspect": 1.3384615384615384
    },
    {
      "camera_to_world": [
        0.2588190451025215,
        0.09114864657243853,
        0.9616156332549048,
        13.212647133933674,
        0.9659258262890681,
        -0.024423206240274803,
        -0.25766413235979524,
        -3.5403181294149273,
        -0.0,
        0.9955377598187614,
        -0.09436402267306279,
        -1.2965664144804874,
        0.0,
        0.0,
        0.0,
        1.0
      ],
      "fov": 8.362471651813479,
      "aspect": 1.3384615384615384
    }
  ],
  "fps": 6.0,
  "seconds": 4,
  "smoothness_value": 0.5,
  "is_cycle": true,
  "crop": null
}