{
  "keyframes": [
    {
      "matrix": "[0.0015824789029119702,0.2603758705799344,1.4454031273462678e-17,0,-0.03722816435901029,0.00022626053850936787,0.2577054611904949,0,0.25770070205657847,-0.001566220108498708,0.03722885196564733,0,3.0035981952284345,0.013382484726752401,0.4406037361392122,1]",
      "fov": 50,
      "aspect": 1.539553752535497,
      "properties": "[[\"FOV\",50],[\"NAME\",\"Camera 0\"],[\"TIME\",0]]"
    },
    {
      "matrix": "[-0.18272832794263644,0.18549516540067879,-1.4454031273462678e-17,0,-0.05392489868652138,-0.05312055734811113,0.24913531229324531,0,0.1774839673877695,0.17483662459525137,0.07569470473552317,0,2.0683531363825374,2.0700591813873084,0.889076226148313,1]",
      "fov": 50,
      "aspect": 1.539553752535497,
      "properties": "[[\"FOV\",50],[\"NAME\",\"Camera 1\"],[\"TIME\",0.14285714285714285]]"
    },
    {
      "matrix": "[-0.2603691253799533,0.0024529102337790347,2.2584423864785434e-19,0,-0.0008031377740226666,-0.08525068585967734,0.2460279814837104,0,0.002317700973903258,0.24601706461053421,0.08525446901584412,0,0.010884917936883072,2.9061305101007946,1.0013633210625823,1]",
      "fov": 50,
      "aspect": 1.539553752535497,
      "properties": "[[\"FOV\",50],[\"NAME\",\"Camera 2\"],[\"TIME\",0.2857142857142857]]"
    },
    {
      "matrix": "[-0.18489330586250588,-0.18333729480651423,-2.8908062546925356e-17,0,0.07056414154885607,-0.07116302997754412,0.24032190336019432,0,-0.1692136597617617,0.17064980141363886,0.10021713891385095,0,-2.0140677936996654,2.0164089844005257,1.1779998197957942,1]",
      "fov": 50,
      "aspect": 1.539553752535497,
      "properties": "[[\"FOV\",50],[\"NAME\",\"Camera 3\"],[\"TIME\",0.42857142857142855]]"
    },
    {
      "matrix": "[-0.0004903651142028593,-0.2603802176851991,-4.3362093820388033e-17,0,0.10714952281909189,-0.00020179101339220588,0.23731209657918045,0,-0.23731167602729078,0.0004469209226081574,0.1071497129598062,0,-2.8205918082145023,0.0005982753137989804,1.2601062856972913,1]",
      "fov": 50,
      "aspect": 1.539553752535497,
      "properties": "[[\"FOV\",50],[\"NAME\",\"Camera 4\"],[\"TIME\",0.5714285714285714]]"
    },
    {
      "matrix": "[0.18403508682757846,-0.18419876502328272,1.4454031273462678e-17,0,0.07510729277588299,0.07504055277269012,0.23775176582777535,0,-0.16819059615300253,-0.16804114274429333,0.10617057038299915,0,-2.000508379190096,-1.9984195243637382,1.2484892999188244,1]",
      "fov": 50,
      "aspect": 1.539553752535497,
      "properties": "[[\"FOV\",50],[\"NAME\",\"Camera 5\"],[\"TIME\",0.7142857142857143]]"
    },
    {
      "matrix": "[0.2603803402463078,0.0004202772345262157,0,0,-0.00018693899768370894,0.11581697942088187,0.2332048122882815,0,0.0003764130039091937,-0.23320450878453908,0.11581713042712669,0,0.0005808798815978618,-2.7719855532105266,1.3630053477969992,1]",
      "fov": 50,
      "aspect": 1.539553752535497,
      "properties": "[[\"FOV\",50],[\"NAME\",\"Camera 6\"],[\"TIME\",0.8571428571428571]]"
    },
    {
      "matrix": "[0.18324620786129808,0.18498358176927704,-2.8908062546925356e-17,0,-0.07672298282544483,0.07600239720790883,0.23692891690926243,0,0.16832262602221673,-0.16674173254087932,0.10799435403210936,0,1.9929696274767206,-1.9835206920983233,1.2702017567884523,1]",
      "fov": 50,
      "aspect": 1.539553752535497,
      "properties": "[[\"FOV\",50],[\"NAME\",\"Camera 7\"],[\"TIME\",1]]"
    }
  ],
  "camera_type": "perspective",
  "render_height": 800,
  "render_width": 450,
  "camera_path": [
    {
      "camera_to_world": [
        0.0,
        -0.34174306308670443,
        0.939793423488437,
        2.75,
        1.0,
        0.0,
        -0.0,
        0.0,
        -0.0,
        0.9397934234884371,
        0.3417430630867044,
        1.0,
        0.0,
        0.0,
        0.0,
        1.0
      ],
      "fov": 50,
      "aspect": 0.5625
    },
    {
      "camera_to_world": [
        -0.4999999999999999,
        -0.29595817420019405,
        0.8138849790505337,
        2.3815698604072066,
        0.8660254037844387,
        -0.17087153154335216,
        0.46989671174421843,
        1.3749999999999998,
        0.0,
        0.9397934234884371,
        0.3417430630867044,
        1.0,
        0.0,
        0.0,
        0.0,
        1.0
      ],
      "fov": 50,
      "aspect": 0.5625
    },
    {
      "camera_to_world": [
        -0.8660254037844387,
        -0.17087153154335222,
        0.4698967117442186,
        1.3750000000000002,
        0.5000000000000001,
        -0.29595817420019405,
        0.8138849790505336,
        2.381569860407206,
        0.0,
        0.9397934234884372,
        0.3417430630867044,
        1.0,
        0.0,
        0.0,
        0.0,
        1.0
      ],
      "fov": 50,
      "aspect": 0.5625
    },
    {
      "camera_to_world": [
        -1.0,
        -2.0925727416997233e-17,
        5.754575039674238e-17,
        1.6838893488276108e-16,
        6.123233995736767e-17,
        -0.34174306308670443,
        0.939793423488437,
        2.75,
        0.0,
        0.9397934234884371,
        0.3417430630867044,
        1.0,
        0.0,
        0.0,
        0.0,
        1.0
      ],
      "fov": 50,
      "aspect": 0.5625
    },
    {
      "camera_to_world": [
        -0.8660254037844388,
        0.17087153154335213,
        -0.46989671174421827,
        -1.3749999999999993,
        -0.4999999999999998,
        -0.29595817420019416,
        0.8138849790505337,
        2.3815698604072066,
        0.0,
        0.9397934234884371,
        0.3417430630867044,
        1.0,
        0.0,
        0.0,
        0.0,
        1.0
      ],
      "fov": 50,
      "aspect": 0.5625
    },
    {
      "camera_to_world": [
        -0.5000000000000003,
        0.295958174200194,
        -0.8138849790505335,
        -2.3815698604072058,
        -0.8660254037844385,
        -0.1708715315433523,
        0.4698967117442188,
        1.3750000000000009,
        0.0,
        0.9397934234884371,
        0.3417430630867044,
        1.0,
        0.0,
        0.0,
        0.0,
        1.0
      ],
      "fov": 50,
      "aspect": 0.5625
    },
    {
      "camera_to_world": [
        -1.2246467991473535e-16,
        0.34174306308670443,
        -0.939793423488437,
        -2.75,
        -1.0,
        -4.1851454833994467e-17,
        1.1509150079348475e-16,
        3.3677786976552215e-16,
        0.0,
        0.9397934234884371,
        0.3417430630867044,
        1.0,
        0.0,
        0.0,
        0.0,
        1.0
      ],
      "fov": 50,
      "aspect": 0.5625
    },
    {
      "camera_to_world": [
        0.4999999999999998,
        0.29595817420019416,
        -0.8138849790505337,
        -2.3815698604072066,
        -0.8660254037844388,
        0.17087153154335213,
        -0.46989671174421827,
        -1.3749999999999993,
        0.0,
        0.9397934234884371,
        0.3417430630867044,
        1.0,
        0.0,
        0.0,
        0.0,
        1.0
      ],
      "fov": 50,
      "aspect": 0.5625
    },
    {
      "camera_to_world": [
        0.8660254037844385,
        0.17087153154335233,
        -0.46989671174421893,
        -1.3750000000000013,
        -0.5000000000000004,
        0.295958174200194,
        -0.8138849790505335,
        -2.3815698604072058,
        0.0,
        0.9397934234884372,
        0.3417430630867044,
        1.0,
        0.0,
        0.0,
        0.0,
        1.0
      ],
      "fov": 50,
      "aspect": 0.5625
    },
    {
      "camera_to_world": [
        1.0,
        6.277718225099169e-17,
        -1.726372511902271e-16,
        -5.051668046482832e-16,
        -1.83697019872103e-16,
        0.34174306308670443,
        -0.939793423488437,
        -2.75,
        0.0,
        0.9397934234884371,
        0.3417430630867044,
        1.0,
        0.0,
        0.0,
        0.0,
        1.0
      ],
      "fov": 50,
      "aspect": 0.5625
    },
    {
      "camera_to_world": [
        0.866025403784439,
        -0.17087153154335194,
        0.4698967117442179,
        1.3749999999999982,
        0.4999999999999993,
        0.29595817420019416,
        -0.813884979050534,
        -2.3815698604072075,
        -0.0,
        0.9397934234884371,
        0.3417430630867044,
        1.0,
        0.0,
        0.0,
        0.0,
        1.0
      ],
      "fov": 50,
      "aspect": 0.5625
    },
    {
      "camera_to_world": [
        0.5000000000000004,
        -0.295958174200194,
        0.8138849790505335,
        2.3815698604072058,
        0.8660254037844385,
        0.17087153154335233,
        -0.46989671174421893,
        -1.3750000000000013,
        -0.0,
        0.9397934234884372,
        0.3417430630867044,
        1.0,
        0.0,
        0.0,
        0.0,
        1.0
      ],
      "fov": 50,
      "aspect": 0.5625
    }
  ],
  "fps": 3,
  "seconds": 4,
  "smoothness_value": 0.5,
  "is_cycle": true,
  "crop": null
}