{
  "keyframes": [
    {
      "matrix": "[0.0015824789029119702,0.2603758705799344,1.4454031273462678e-17,0,-0.03722816435901029,0.00022626053850936787,0.2577054611904949,0,0.25770070205657847,-0.001566220108498708,0.03722885196564733,0,3.0035981952284345,0.013382484726752401,0.4406037361392122,1]",
      "fov": 50,
      "aspect": 1.539553752535497,
      "properties": "[[\"FOV\",50],[\"NAME\",\"Camera 0\"],[\"TIME\",0]]"
    },
    {
      "matrix": "[-0.18272832794263644,0.18549516540067879,-1.4454031273462678e-17,0,-0.05392489868652138,-0.05312055734811113,0.24913531229324531,0,0.1774839673877695,0.17483662459525137,0.07569470473552317,0,2.0683531363825374,2.0700591813873084,0.889076226148313,1]",
      "fov": 50,
      "aspect": 1.539553752535497,
      "properties": "[[\"FOV\",50],[\"NAME\",\"Camera 1\"],[\"TIME\",0.14285714285714285]]"
    },
    {
      "matrix": "[-0.2603691253799533,0.0024529102337790347,2.2584423864785434e-19,0,-0.0008031377740226666,-0.08525068585967734,0.2460279814837104,0,0.002317700973903258,0.24601706461053421,0.08525446901584412,0,0.010884917936883072,2.9061305101007946,1.0013633210625823,1]",
      "fov": 50,
      "aspect": 1.539553752535497,
      "properties": "[[\"FOV\",50],[\"NAME\",\"Camera 2\"],[\"TIME\",0.2857142857142857]]"
    },
    {
      "matrix": "[-0.18489330586250588,-0.18333729480651423,-2.8908062546925356e-17,0,0.07056414154885607,-0.07116302997754412,0.24032190336019432,0,-0.1692136597617617,0.17064980141363886,0.10021713891385095,0,-2.0140677936996654,2.0164089844005257,1.1779998197957942,1]",
      "fov": 50,
      "aspect": 1.539553752535497,
      "properties": "[[\"FOV\",50],[\"NAME\",\"Camera 3\"],[\"TIME\",0.42857142857142855]]"
    },
    {
      "matrix": "[-0.0004903651142028593,-0.2603802176851991,-4.3362093820388033e-17,0,0.10714952281909189,-0.00020179101339220588,0.23731209657918045,0,-0.23731167602729078,0.0004469209226081574,0.1071497129598062,0,-2.8205918082145023,0.0005982753137989804,1.2601062856972913,1]",
      "fov": 50,
      "aspect": 1.539553752535497,
      "properties": "[[\"FOV\",50],[\"NAME\",\"Camera 4\"],[\"TIME\",0.5714285714285714]]"
    },
    {
      "matrix": "[0.18403508682757846,-0.18419876502328272,1.4454031273462678e-17,0,0.07510729277588299,0.07504055277269012,0.23775176582777535,0,-0.16819059615300253,-0.16804114274429333,0.10617057038299915,0,-2.000508379190096,-1.9984195243637382,1.2484892999188244,1]",
      "fov": 50,
      "aspect": 1.539553752535497,
      "properties": "[[\"FOV\",50],[\"NAME\",\"Camera 5\"],[\"TIME\",0.7142857142857143]]"
    },
    {
      "matrix": "[0.2603803402463078,0.0004202772345262157,0,0,-0.00018693899768370894,0.11581697942088187,0.2332048122882815,0,0.0003764130039091937,-0.23320450878453908,0.11581713042712669,0,0.0005808798815978618,-2.7719855532105266,1.3630053477969992,1]",
      "fov": 50,
      "aspect": 1.539553752535497,
      "properties": "[[\"FOV\",50],[\"NAME\",\"Camera 6\"],[\"TIME\",0.8571428571428571]]"
    },
    {
      "matrix": "[0.18324620786129808,0.18498358176927704,-2.8908062546925356e-17,0,-0.07672298282544483,0.07600239720790883,0.23692891690926243,0,0.16832262602221673,-0.16674173254087932,0.10799435403210936,0,1.9929696274767206,-1.9835206920983233,1.2702017567884523,1]",
      "fov": 50,
      "aspect": 1.539553752535497,
      "properties": "[[\"FOV\",50],[\"NAME\",\"Camera 7\"],[\"TIME\",1]]"
    }
  ],
  "camera_type": "perspective",
  "render_height": 1080,
  "render_width": 1920,
  "camera_path": [
    {
      "camera_to_world": [
        0.006077558851080234,
        -0.14297591552927708,
        0.9897075077299237,
        3.0035981952284345,
        0.9999815314686625,
        0.0008689605893422161,
        -0.006015116713956076,
        0.013382484726752401,
        -8.380882793312947e-17,
        0.9897257865116273,
        0.1429785561332216,
        0.4406037361392122,
        0,
        0,
        0,
        1
      ],
      "fov": 50,
      "aspect": 1.539553752535497
    },
    {
      "camera_to_world": [
        -0.052484802831885884,
        -0.1402442131963792,
        0.9887248890043309,
        2.997361096451319,
        0.9985480570214518,
        -0.019396110385233825,
        0.05025503676854313,
        0.1865644730906311,
        0.012129438996996627,
        0.9899269425401314,
        0.14105858762502113,
        0.4342992178171651,
        0,
        0,
        0,
        1
      ],
      "fov": 50,
      "aspect": 1.539553752535497
    },
    {
      "camera_to_world": [
        -0.11387486514580314,
        -0.14159396824113588,
        0.9833532748945077,
        2.973321140196107,
        0.9932351314531906,
        -0.0388669930631585,
        0.10942271472318638,
        0.3668301953827903,
        0.022726388520585308,
        0.9891615161377623,
        0.14506207725265352,
        0.4452777719949319,
        0,
        0,
        0,
        1
      ],
      "fov": 50,
      "aspect": 1.539553752535497
    },
    {
      "camera_to_world": [
        -0.1776171465824409,
        -0.14616160520153387,
        0.973184943576925,
        2.932908275190224,
        0.9836099580474956,
        -0.05756073758335259,
        0.17087484284898302,
        0.5519567715897187,
        0.03104190183793398,
        0.9875847035337127,
        0.15398978432517108,
        0.4707368710583579,
        0,
        0,
        0,
        1
      ],
      "fov": 50,
      "aspect": 1.539553752535497
    },
    {
      "camera_to_world": [
        -0.2429666806127521,
        -0.15319302698938495,
        0.9578617272831452,
        2.877552450161098,
        0.9693474350081654,
        -0.07550560918676137,
        0.23380430540181846,
        0.7397213216979047,
        0.03650674396754219,
        0.9853074644308577,
        0.16684261500504807,
        0.5078739873932884,
        0,
        0,
        0,
        1
      ],
      "fov": 50,
      "aspect": 1.539553752535497
    },
    {
      "camera_to_world": [
        -0.3089412363644664,
        -0.16199100325967614,
        0.9371842013908036,
        2.808683613836154,
        0.9502898035905548,
        -0.09276441030456911,
        0.2972272756203079,
        0.9279009656938373,
        0.03878919521490249,
        0.9824223526792176,
        0.18259715028118878,
        0.5538865933855686,
        0,
        0,
        0,
        1
      ],
      "fov": 50,
      "aspect": 1.539553752535497
    },
    {
      "camera_to_world": [
        -0.3743997499826732,
        -0.17186324163934832,
        0.9112013242890546,
        2.7277317149428217,
        0.9264946861901487,
        -0.10944367772100422,
        0.3600412169020636,
        1.1142728235640047,
        0.03784737341387917,
        0.9790225265948255,
        0.200206065706198,
        0.6059721614210433,
        0,
        0,
        0,
        1
      ],
      "fov": 50,
      "aspect": 1.539553752535497
    },
    {
      "camera_to_world": [
        -0.4381584309655681,
        -0.18207659332693696,
        0.8802643373079753,
        2.636126702208525,
        0.8982560020204529,
        -0.12568545729372066,
        0.4211167541895013,
        1.2966140152948957,
        0.03396092177818535,
        0.9752185806204295,
        0.21862153554636485,
        0.6613281638855582,
        0,
        0,
        0,
        1
      ],
      "fov": 50,
      "aspect": 1.539553752535497
    },
    {
      "camera_to_world": [
        -0.499123425598568,
        -0.19182438373115535,
        0.8450320773940557,
        2.535298524360693,
        0.8660870746106578,
        -0.14164247873014774,
        0.47940649496177323,
        1.4727016608729993,
        0.027730582595824713,
        0.9711543718819075,
        0.2368336985387722,
        0.7171520731649579,
        0,
        0,
        0,
        1
      ],
      "fov": 50,
      "aspect": 1.539553752535497
    },
    {
      "camera_to_world": [
        -0.5564107877136351,
        -0.20021192994302875,
        0.806425581454594,
        2.4266771301267513,
        0.8306655890769342,
        -0.15744226873335007,
        0.5340473866049393,
        1.6403128802848037,
        0.02004281515561658,
        0.967019707722952,
        0.25391173749170093,
        0.7706413616450882,
        0,
        0,
        0,
        1
      ],
      "fov": 50,
      "aspect": 1.539553752535497
    },
    {
      "camera_to_world": [
        -0.6094257660814119,
        -0.20626017441738198,
        0.7655435820940539,
        2.311692468234127,
        0.7927522097488822,
        -0.1731483492014552,
        0.5844344130072041,
        1.7972247935167975,
        0.01200706351896796,
        0.9630557562353917,
        0.26903427441039807,
        0.8189935017117941,
        0,
        0,
        0,
        1
      ],
      "fov": 50,
      "aspect": 1.539553752535497
    },
    {
      "camera_to_world": [
        -0.6578841788408502,
        -0.20892167814259963,
        0.7235607366579396,
        2.191774487410247,
        0.7531033022008833,
        -0.18872544435759686,
        0.6302524278938978,
        1.9412145205554698,
        0.004880926656438884,
        0.959549081107427,
        0.28149908969811405,
        0.8594059657509204,
        0,
        0,
        0,
        1
      ],
      "fov": 50,
      "aspect": 1.539553752535497
    },
    {
      "camera_to_world": [
        -0.7017737581128501,
        -0.20710023962443566,
        0.68163265999486,
        2.0683531363825374,
        0.7123998823864074,
        -0.20401114186102642,
        0.6714654582124037,
        2.0700591813873084,
        -1.3877787807814457e-16,
        0.9568118648637576,
        0.2907078520713511,
        0.889076226148313,
        0,
        0,
        0,
        1
      ],
      "fov": 50,
      "aspect": 1.539553752535497
    },
    {
      "camera_to_world": [
        -0.74314801648204,
        -0.20112412588838532,
        0.638185013600635,
        1.9360847581488345,
        0.6691209198936175,
        -0.21928439325885118,
        0.7100644685053721,
        2.187960082310234,
        -0.002867082058236936,
        0.9547059447069188,
        0.297537122023019,
        0.9099990481100537,
        0,
        0,
        0,
        1
      ],
      "fov": 50,
      "aspect": 1.539553752535497
    },
    {
      "camera_to_world": [
        -0.783511658640254,
        -0.19209289284612302,
        0.5909397611371282,
        1.7900088996414754,
        0.6213578062499048,
        -0.23471654136166847,
        0.7475443945502648,
        2.300015741892208,
        -0.0048946283928666704,
        0.952894782087311,
        0.3032615651276496,
        0.9265011305281822,
        0,
        0,
        0,
        1
      ],
      "fov": 50,
      "aspect": 1.539553752535497
    },
    {
      "camera_to_world": [
        -0.8221363939659072,
        -0.18011249944407468,
        0.5400474398242647,
        1.6321303154896432,
        0.5692573600789866,
        -0.24984685038233695,
        0.7832768408104052,
        2.405349098524781,
        -0.006148797657883483,
        0.9513863772926509,
        0.3079385545678359,
        0.9392778463174792,
        0,
        0,
        0,
        1
      ],
      "fov": 50,
      "aspect": 1.539553752535497
    },
    {
      "camera_to_world": [
        -0.8582686736728204,
        -0.165401684027951,
        0.48581598029770034,
        1.4644537603225196,
        0.5131567314459275,
        -0.2642104509646451,
        0.8166168052231052,
        2.503083090599503,
        -0.0067121355491402985,
        0.9501763628515375,
        0.3116405408713591,
        0.9490245683927259,
        0,
        0,
        0,
        1
      ],
      "fov": 50,
      "aspect": 1.539553752535497
    },
    {
      "camera_to_world": [
        -0.89118589399389,
        -0.14830003768144895,
        0.4287129589480496,
        1.2889839887692862,
        0.4535890586844918,
        -0.2773847708674917,
        0.8469443043863664,
        2.592340656507927,
        -0.006683426368857576,
        0.949244324562686,
        0.31446866950063895,
        0.9564366696687027,
        0,
        0,
        0,
        1
      ],
      "fov": 50,
      "aspect": 1.539553752535497
    },
    {
      "camera_to_world": [
        -0.9202564386026157,
        -0.12925665722582463,
        0.36935186986562835,
        1.1077257554591258,
        0.39126710510293805,
        -0.2890385383175678,
        0.873708633259172,
        2.6722447346416027,
        -0.006175732733602781,
        0.9485512321061259,
        0.3165634539790617,
        0.9622095230601907,
        0,
        0,
        0,
        1
      ],
      "fov": 50,
      "aspect": 1.539553752535497
    },
    {
      "camera_to_world": [
        -0.9449941518968964,
        -0.10879901877176149,
        0.3084620339603686,
        0.9226838150212202,
        0.3270440793281496,
        -0.29897482582418455,
        0.8964687522160499,
        2.7419182633920816,
        -0.005312537723976705,
        0.948038410106732,
        0.31811153689426447,
        0.9670385014819709,
        0,
        0,
        0,
        1
      ],
      "fov": 50,
      "aspect": 1.539553752535497
    },
    {
      "camera_to_world": [
        -0.9650977210901248,
        -0.08748632514121249,
        0.24684515725436895,
        0.7358629220847507,
        0.26185599199651954,
        -0.30715982153191346,
        0.9149231025020638,
        2.800484181150913,
        -0.004222345576433363,
        0.9476280847198278,
        0.31934806222688134,
        0.9716189778488239,
        0,
        0,
        0,
        1
      ],
      "fov": 50,
      "aspect": 1.539553752535497
    },
    {
      "camera_to_world": [
        -0.9804681801603468,
        -0.06585549259442,
        0.18532458495354673,
        0.5492678312789006,
        0.19665439676132307,
        -0.3137319894284626,
        0.9289237250946382,
        2.8470654263096495,
        -0.003032478771270644,
        0.9472250487103923,
        0.32055500490258526,
        0.9766463250755308,
        0,
        0,
        0,
        1
      ],
      "fov": 50,
      "aspect": 1.539553752535497
    },
    {
      "camera_to_world": [
        -0.9912025610767902,
        -0.04436951955973219,
        0.1246949423547343,
        0.36490329723285103,
        0.1323405159465987,
        -0.3189911141037814,
        0.9384725126298673,
        2.880784937259841,
        -0.001862995920558413,
        0.9467185510260518,
        0.32205669437124435,
        0.9828159160768722,
        0,
        0,
        0,
        1
      ],
      "fov": 50,
      "aspect": 1.539553752535497
    },
    {
      "camera_to_world": [
        -0.9975669046518195,
        -0.02337657820887724,
        0.06567957319161095,
        0.18477407457578404,
        0.0697108007565727,
        -0.32337163307166955,
        0.9437007953702481,
        2.90076565239304,
        -0.0008215846063307778,
        0.9459832569954953,
        0.3242144390413988,
        0.9908231237676292,
        0,
        0,
        0,
        1
      ],
      "fov": 50,
      "aspect": 1.539553752535497
    },
    {
      "camera_to_world": [
        -0.9999556263208776,
        -0.00308447543718992,
        0.008901202194014182,
        0.010884917936883072,
        0.009420477122808102,
        -0.32740789319460856,
        0.9448361371606436,
        2.9061305101007946,
        -8.673617379884034e-19,
        0.9448780648767043,
        0.3274224221321057,
        1.0013633210625823,
        0,
        0,
        0,
        1
      ],
      "fov": 50,
      "aspect": 1.539553752535497
    },
    {
      "camera_to_world": [
        -0.9986992763098778,
        0.017804399349904226,
        -0.0477782258138141,
        -0.16287766103984366,
        -0.05097903667908091,
        -0.3313052747860473,
        0.9421453989264154,
        2.895993969880782,
        0.0009451546961252273,
        0.943355616012716,
        0.3317819892939783,
        1.0141309322125307,
        0,
        0,
        0,
        1
      ],
      "fov": 50,
      "aspect": 1.539553752535497
    },
    {
      "camera_to_world": [
        -0.9934847189349596,
        0.040465170134146584,
        -0.10653958536027387,
        -0.3425910690854955,
        -0.1139437997454155,
        -0.33448343921791024,
        0.935487915148312,
        2.870749300440741,
        0.0022189507207600045,
        0.9415324736274224,
        0.33691494084223367,
        1.0281729112882219,
        0,
        0,
        0,
        1
      ],
      "fov": 50,
      "aspect": 1.539553752535497
    },
    {
      "camera_to_world": [
        -0.9838756130965982,
        0.06453710078649907,
        -0.16680449806844605,
        -0.5261964291335595,
        -0.17881875831241248,
        -0.33641699795388647,
        0.9245796099651461,
        2.8314376539873143,
        0.0035538189880711607,
        0.9394991038365964,
        0.34253292434572186,
        1.0432134259343593,
        0,
        0,
        0,
        1
      ],
      "fov": 50,
      "aspect": 1.539553752535497
    },
    {
      "camera_to_world": [
        -0.9695642078714961,
        0.08956732742757427,
        -0.22786605862216588,
        -0.7116348641175195,
        -0.24479172842157632,
        -0.33669102299180914,
        0.9092393330323466,
        2.779100182727148,
        0.004717680669128838,
        0.9373456400358463,
        0.34836890589559427,
        1.0589766437956467,
        0,
        0,
        0,
        1
      ],
      "fov": 50,
      "aspect": 1.539553752535497
    },
    {
      "camera_to_world": [
        -0.9504165983558797,
        0.11504362008905193,
        -0.28891738446560233,
        -0.8968474969708597,
        -0.3109304312009428,
        -0.33502670941409113,
        0.889426428060445,
        2.7147780388668865,
        0.005527795476911707,
        0.935158847178367,
        0.3541855079209106,
        1.0751867325167879,
        0,
        0,
        0,
        1
      ],
      "fov": 50,
      "aspect": 1.539553752535497
    },
    {
      "camera_to_world": [
        -0.9265036980719755,
        0.14043895617531027,
        -0.34909568465872404,
        -1.0797754506270671,
        -0.37623997770205125,
        -0.33129596778691556,
        0.86526669929386,
        2.6395123746131732,
        0.005863159362837907,
        0.9330165493261736,
        0.3597856890508094,
        1.0915678597424865,
        0,
        0,
        0,
        1
      ],
      "fov": 50,
      "aspect": 1.539553752535497
    },
    {
      "camera_to_world": [
        -0.8981102493273834,
        0.16526200873060223,
        -0.40753705171852994,
        -1.2583598480196263,
        -0.43973377561436827,
        -0.325519102359564,
        0.837061240640705,
        2.554344342172654,
        0.005673326805133827,
        0.9309810859890496,
        0.3650233292456964,
        1.1078441931174463,
        0,
        0,
        0,
        1
      ],
      "fov": 50,
      "aspect": 1.539553752535497
    },
    {
      "camera_to_world": [
        -0.8657182501686334,
        0.18910498343224816,
        -0.4634341555885247,
        -1.4305418120820206,
        -0.5005068342241495,
        -0.3178436143951679,
        0.8052753229071009,
        2.4603150937519738,
        0.0049819895503163125,
        0.9290935055360708,
        0.36981135427514344,
        1.1237399002863713,
        0,
        0,
        0,
        1
      ],
      "fov": 50,
      "aspect": 1.539553752535497
    },
    {
      "camera_to_world": [
        -0.8299668196021059,
        0.21168016262582365,
        -0.5160877707427973,
        -1.5942624657477373,
        -0.5577992363209039,
        -0.30850710256619324,
        0.7705085201514834,
        2.3584657815577756,
        0.0038846260285425307,
        0.9273698703413419,
        0.37412569179849325,
        1.1389791488939647,
        0,
        0,
        0,
        1
      ],
      "fov": 50,
      "aspect": 1.539553752535497
    },
    {
      "camera_to_world": [
        -0.7915958013526396,
        0.23283928462601833,
        -0.5649442050465838,
        -1.7474629319502606,
        -0.6110397956865058,
        -0.29779137467064976,
        0.7334512016890816,
        2.249837557796705,
        0.002540741676339609,
        0.925800283380065,
        0.3780044707739915,
        1.1532861065849307,
        0,
        0,
        0,
        1
      ],
      "fov": 50,
      "aspect": 1.539553752535497
    },
    {
      "camera_to_world": [
        -0.7513834419802524,
        0.25257444649108296,
        -0.6096138713133356,
        -1.8880843336230742,
        -0.6598648136641445,
        -0.2859766645043115,
        0.6948350703922279,
        2.135471574675407,
        0.0011622417531613474,
        0.9243503104011548,
        0.38154312057144435,
        1.1663849410039722,
        0,
        0,
        0,
        1
      ],
      "fov": 50,
      "aspect": 1.539553752535497
    },
    {
      "camera_to_world": [
        -0.710088422336862,
        0.27100376597116255,
        -0.6498702880518495,
        -2.0140677936996654,
        -0.7041125140651504,
        -0.2733038154865193,
        0.6553858344344683,
        2.0164089844005257,
        -8.326672684688674e-17,
        0.9229636955319305,
        0.3848870181365462,
        1.1779998197957942,
        0,
        0,
        0,
        1
      ],
      "fov": 50,
      "aspect": 1.539553752535497
    },
    {
      "camera_to_world": [
        -0.6662345962969786,
        0.28921694904472484,
        -0.6873754571427926,
        -2.129114515462088,
        -0.7457419460352481,
        -0.25917581220333197,
        0.6137563427715467,
        1.887797463847656,
        -0.0006423554803847986,
        0.9215104203176459,
        0.38835310302021864,
        1.1884499801316588,
        0,
        0,
        0,
        1
      ],
      "fov": 50,
      "aspect": 1.539553752535497
    },
    {
      "camera_to_world": [
        -0.6178865616708581,
        0.30778575946727843,
        -0.7235220267384509,
        -2.2378258577987564,
        -0.7862669040285716,
        -0.24274266459639368,
        0.5682080203710327,
        1.7454133686212927,
        -0.0007433275793776728,
        0.9199695239809815,
        0.3919891865987075,
        1.1982394809626933,
        0,
        0,
        0,
        1
      ],
      "fov": 50,
      "aspect": 1.539553752535497
    },
    {
      "camera_to_world": [
        -0.5652012104805868,
        0.3261034864601113,
        -0.757762566896676,
        -2.339493177052696,
        -0.8249529585332575,
        -0.22393135142879825,
        0.5189483269599178,
        1.5912408690214264,
        -0.00045593695305681814,
        0.9184286940017891,
        0.3955863068353893,
        1.2073697226033977,
        0,
        0,
        0,
        1
      ],
      "fov": 50,
      "aspect": 1.539553752535497
    },
    {
      "camera_to_world": [
        -0.5085266258587419,
        0.3435579062389617,
        -0.7895369756087576,
        -2.433407829566932,
        -0.8610462624696931,
        -0.20282953694264402,
        0.46632554383242325,
        1.4272641353480506,
        0.00006840830299256752,
        0.916966817286391,
        0.39896347115490494,
        1.2158421053682706,
        0,
        0,
        0,
        1
      ],
      "fov": 50,
      "aspect": 1.539553752535497
    },
    {
      "camera_to_world": [
        -0.44840752662931926,
        0.3595800351279269,
        -0.8183109973595463,
        -2.5188611716844895,
        -0.8938289653974638,
        -0.1796878479977008,
        0.4108309359072838,
        1.2554673379011592,
        0.0006860602567911045,
        0.9156497559762434,
        0.40197643426197266,
        1.2236580295718127,
        0,
        0,
        0,
        1
      ],
      "fov": 50,
      "aspect": 1.539553752535497
    },
    {
      "camera_to_world": [
        -0.3855684483289661,
        0.3736957652107311,
        -0.843616291163678,
        -2.5951445597483933,
        -0.9226783642164018,
        -0.15490302012746232,
        0.3530859535047183,
        1.0778346469807416,
        0.001268014250123989,
        0.9145253027767777,
        0.4045267144712502,
        1.2308188955285226,
        0,
        0,
        0,
        1
      ],
      "fov": 50,
      "aspect": 1.539553752535497
    },
    {
      "camera_to_world": [
        -0.3208739900572128,
        0.3855712034858146,
        -0.8650865445417957,
        -2.6615493501016694,
        -0.9471203565967656,
        -0.12898102184136936,
        0.293814441654545,
        0.8963502328867923,
        0.0017066413740354646,
        0.9136184887836152,
        0.40656899085882536,
        1.2373261035529006,
        0,
        0,
        0,
        1
      ],
      "fov": 50,
      "aspect": 1.539553752535497
    },
    {
      "camera_to_world": [
        -0.2552705909734875,
        0.3950427660597324,
        -0.8824840725859714,
        -2.717366899087341,
        -0.966867743865321,
        -0.10248436175579378,
        0.23380274050637614,
        0.7129982659193039,
        0.0019212643833577824,
        0.9129283479985618,
        0.40811535154143136,
        1.2431810539594457,
        0,
        0,
        0,
        1
      ],
      "fov": 50,
      "aspect": 1.539553752535497
    },
    {
      "camera_to_world": [
        -0.18971875395085422,
        0.40212618981114934,
        -0.8957127451740892,
        -2.761888563048436,
        -0.9818367116795531,
        -0.07597210041667216,
        0.1738531321448112,
        0.5297629163782673,
        0.0018617189952681995,
        0.9124268559321599,
        0.409235588110487,
        1.248385147062658,
        0,
        0,
        0,
        1
      ],
      "fov": 50,
      "aspect": 1.539553752535497
    },
    {
      "camera_to_world": [
        -0.1251267389793087,
        0.40700369429716393,
        -0.9048156121668463,
        -2.794405698327978,
        -0.9921396176007348,
        -0.04994292440300149,
        0.11473745460460641,
        0.3486283545636759,
        0.0015094301812236329,
        0.9120601389878502,
        0.41005368488771227,
        1.2529397831770368,
        0,
        0,
        0,
        1
      ],
      "fov": 50,
      "aspect": 1.539553752535497
    },
    {
      "camera_to_world": [
        -0.06229576646081295,
        0.4099937088432487,
        -0.9099584584968796,
        -2.814209661268991,
        -0.9980573480764228,
        -0.024790308061798803,
        0.057157419263466194,
        0.17157875077552304,
        0.0008760318021598483,
        0.9117513911890448,
        0.4107415650176192,
        1.2568463626170814,
        0,
        0,
        0,
        1
      ],
      "fov": 50,
      "aspect": 1.539553752535497
    },
    {
      "camera_to_world": [
        -0.0018832622884262843,
        0.4115110531867251,
        -0.9114028233598497,
        -2.8205918082145023,
        -0.9999982266600043,
        -0.0007749846220485577,
        0.0017164136105836665,
        0.0005982753137989804,
        -2.07407875596477e-16,
        0.9114044395897949,
        0.41151178293702845,
        1.2601062856972913,
        0,
        0,
        0,
        1
      ],
      "fov": 50,
      "aspect": 1.539553752535497
    },
    {
      "camera_to_world": [
        0.05851245131650695,
        0.41170314850604156,
        -0.909437634228508,
        -2.812960597925075,
        -0.9982861485449761,
        0.02319214408679453,
        -0.053729787603296345,
        -0.17047494164938934,
        -0.0010289140738568884,
        0.9110228547972161,
        0.41235457966774053,
        1.2620181440245062,
        0,
        0,
        0,
        1
      ],
      "fov": 50,
      "aspect": 1.539553752535497
    },
    {
      "camera_to_world": [
        0.12130297136861548,
        0.41018514949444235,
        -0.9038991825814241,
        -2.7917126608741327,
        -0.9926133389082518,
        0.0482136584730287,
        -0.11132925293047854,
        -0.34772663942269744,
        -0.002085319773362335,
        0.9107269548393021,
        0.4130037108435887,
        1.2621340591872596,
        0,
        0,
        0,
        1
      ],
      "fov": 50,
      "aspect": 1.539553752535497
    },
    {
      "camera_to_world": [
        0.18584606595053096,
        0.4066584609995907,
        -0.8944775770628101,
        -2.757621610973987,
        -0.9825740919170709,
        0.0740758945485693,
        -0.1704726246063365,
        -0.5290584519272648,
        -0.00306490849040926,
        0.9105721596580216,
        0.41333878162068444,
        1.2608357264725945,
        0,
        0,
        0,
        1
      ],
      "fov": 50,
      "aspect": 1.539553752535497
    },
    {
      "camera_to_world": [
        0.2513551773083732,
        0.40090191937590225,
        -0.880964372651354,
        -2.7114610621369515,
        -0.967887165314313,
        0.10046715486236259,
        -0.2304360779341768,
        -0.7123720130842361,
        -0.0038742818818788003,
        0.9105954106158122,
        0.41328076183790613,
        1.2585048411675537,
        0,
        0,
        0,
        1
      ],
      "fov": 50,
      "aspect": 1.539553752535497
    },
    {
      "camera_to_world": [
        0.3169348799951495,
        0.3928044033846243,
        -0.8632826782254521,
        -2.654004628275337,
        -0.9484369248556582,
        0.12700129906979904,
        -0.2904101747613641,
        -0.8955689568147567,
        -0.004436373834874371,
        0.9108102825046679,
        0.4128013418957894,
        1.2555230985591799,
        0,
        0,
        0,
        1
      ],
      "fov": 50,
      "aspect": 1.539553752535497
    },
    {
      "camera_to_world": [
        0.3816343979349337,
        0.3823892864083542,
        -0.8415067557381524,
        -2.5860259233014573,
        -0.9243014329021076,
        0.15325560705112184,
        -0.34954195748508216,
        -1.0765509170399659,
        -0.004695471004229179,
        0.9112031346233955,
        0.4119305766807638,
        1.2522721939345156,
        0,
        0,
        0,
        1
      ],
      "fov": 50,
      "aspect": 1.539553752535497
    },
    {
      "camera_to_world": [
        0.44451287339749507,
        0.3698243126972857,
        -0.8158665841434387,
        -2.5082985611276247,
        -0.8957605436429432,
        0.17881847944644116,
        -0.4069852575474468,
        -1.2532195276810085,
        -0.004621021142720672,
        0.9117312812152727,
        0.41076114350940696,
        1.2491338225806035,
        0,
        0,
        0,
        1
      ],
      "fov": 50,
      "aspect": 1.539553752535497
    },
    {
      "camera_to_world": [
        0.5047065782683555,
        0.35541340297968677,
        -0.7867353956922537,
        -2.4215961556661503,
        -0.8632806898737042,
        0.20333943422782605,
        -0.4619518643528664,
        -1.4234764226590297,
        -0.004209553875395179,
        0.9123236199234932,
        0.40944827779081405,
        1.2464896797844867,
        0,
        0,
        0,
        1
      ],
      "fov": 50,
      "aspect": 1.539553752535497
    },
    {
      "camera_to_world": [
        0.5614872030569247,
        0.33957123601425515,
        -0.754601548153105,
        -2.3266923208293484,
        -0.8274780842507676,
        0.22657285615483497,
        -0.5137555458956332,
        -1.585223235895169,
        -0.0034843777050493074,
        0.9128834079583173,
        0.40820551513473824,
        1.2447214608332076,
        0,
        0,
        0,
        1
      ],
      "fov": 50,
      "aspect": 1.539553752535497
    },
    {
      "camera_to_world": [
        0.6143023312276021,
        0.32278566878672005,
        -0.7200292062647483,
        -2.2243606705295305,
        -0.7890668095934135,
        0.24840863033963137,
        -0.5618422575517618,
        -1.736361601310571,
        -0.002493159923727978,
        0.9132921571976288,
        0.4072974585667046,
        1.2442108610138092,
        0,
        0,
        0,
        1
      ],
      "fov": 50,
      "aspect": 1.539553752535497
    },
    {
      "camera_to_world": [
        0.6627935156052523,
        0.305575588850908,
        -0.6836141566483617,
        -2.1153748186790082,
        -0.7488010787445332,
        0.26888653010395763,
        -0.605802755358274,
        -1.874793152826381,
        -0.0013038951849858318,
        0.9134131559305867,
        0.4070315791560555,
        1.2453395756133339,
        0,
        0,
        0,
        1
      ],
      "fov": 50,
      "aspect": 1.539553752535497
    },
    {
      "camera_to_world": [
        0.7067924057629343,
        0.2884518786368336,
        -0.6459411806555805,
        -2.000508379190096,
        -0.7074210169028369,
        0.2881955615923801,
        -0.6453672002221751,
        -1.9984195243637382,
        1.1102230246251565e-16,
        0.9130930029243101,
        0.4077513556208807,
        1.2484892999188244,
        0,
        0,
        0,
        1
      ],
      "fov": 50,
      "aspect": 1.539553752535497
    },
    {
      "camera_to_world": [
        0.7482153800032073,
        0.2708304394513924,
        -0.6056604809571298,
        -1.8750721214345503,
        -0.6634540475263498,
        0.3075927254474178,
        -0.6820670363481389,
        -2.1107600973868696,
        0.0015722428439221285,
        0.9121609443066476,
        0.4098291592042282,
        1.2542760593934235,
        0,
        0,
        0,
        1
      ],
      "fov": 50,
      "aspect": 1.539553752535497
    },
    {
      "camera_to_world": [
        0.7885360787582956,
        0.25159647475461894,
        -0.5611684830668412,
        -1.7352380471082376,
        -0.6149789325740509,
        0.3276803576020816,
        -0.7172353140579828,
        -2.216343604913582,
        0.0034300126198497094,
        0.9106727168049016,
        0.4131143157536511,
        1.2626754753823572,
        0,
        0,
        0,
        1
      ],
      "fov": 50,
      "aspect": 1.539553752535497
    },
    {
      "camera_to_world": [
        0.8270132332464558,
        0.23056621249072376,
        -0.5127263731201329,
        -1.5830716186096405,
        -0.5621575491231265,
        0.34775015297330253,
        -0.7503657248774922,
        -2.3145857081953864,
        0.0052916915181129565,
        0.9087953855322589,
        0.4172085152967878,
        1.273108636995793,
        0,
        0,
        0,
        1
      ],
      "fov": 50,
      "aspect": 1.539553752535497
    },
    {
      "camera_to_world": [
        0.8628891650954873,
        0.20773136048619184,
        -0.46072765342593536,
        -1.420638298337236,
        -0.5053460057876692,
        0.36709782929767154,
        -0.7809382806338709,
        -2.4049020684837963,
        0.0069067499782493064,
        0.9066900603819882,
        0.42174095272956896,
        1.2849966333438987,
        0,
        0,
        0,
        1
      ],
      "fov": 50,
      "aspect": 1.539553752535497
    },
    {
      "camera_to_world": [
        0.8954447506579837,
        0.1832554327590601,
        -0.40570450439125183,
        -1.2500035486895011,
        -0.4450995104165225,
        0.3850700275801726,
        -0.8084599555243147,
        -2.4867083470303277,
        0.00806996567736085,
        0.9045100995697585,
        0.42637583823461617,
        1.2977605535368426,
        0,
        0,
        0,
        1
      ],
      "fov": 50,
      "aspect": 1.539553752535497
    },
    {
      "camera_to_world": [
        0.9240583941981793,
        0.1574520750408033,
        -0.34831728090525166,
        -1.0732328320649192,
        -0.38215380156979795,
        0.4011126434303113,
        -0.8325065280381286,
        -2.559420205086491,
        0.008634584971745742,
        0.9023954185088116,
        0.43082241422269624,
        1.3108214866847918,
        0,
        0,
        0,
        1
      ],
      "fov": 50,
      "aspect": 1.539553752535497
    },
    {
      "camera_to_world": [
        0.9482591842223058,
        0.13074491699830024,
        -0.28932729946749725,
        -0.8923916108619663,
        -0.3173828769262092,
        0.4148115024268566,
        -0.8527599468129449,
        -2.6224533039038014,
        0.0085222633196842,
        0.900464982180585,
        0.434845014797719,
        1.323600521897914,
        0,
        0,
        0,
        1
      ],
      "fov": 50,
      "aspect": 1.539553752535497
    },
    {
      "camera_to_world": [
        0.9677645434550567,
        0.10361353862738855,
        -0.22955614355607323,
        -0.7095453474791201,
        -0.2517380912035854,
        0.42591688739703454,
        -0.8690355219823855,
        -2.6752233047337723,
        0.007727992520774857,
        0.8988097905803721,
        0.4382707365184977,
        1.335518748286378,
        0,
        0,
        0,
        1
      ],
      "fov": 50,
      "aspect": 1.539553752535497
    },
    {
      "camera_to_world": [
        0.9824956721807948,
        0.07653423475944499,
        -0.16983746658436302,
        -0.526759504314863,
        -0.18617820118226583,
        0.4343468242208621,
        -0.881294793865133,
        -2.717145868827917,
        0.006319141598684103,
        0.8974883549099888,
        0.440992881178844,
        1.3459972549603505,
        0,
        0,
        0,
        1
      ],
      "fov": 50,
      "aspect": 1.539553752535497
    },
    {
      "camera_to_world": [
        0.9925690713185653,
        0.049925755077341705,
        -0.11096872370969316,
        -0.3460995437676721,
        -0.12160190481933625,
        0.44016916493915204,
        -0.8896426715154117,
        -2.7476366574377478,
        0.004428928325228718,
        0.8965258084498889,
        0.4429693661836709,
        1.3544571310299993,
        0,
        0,
        0,
        1
      ],
      "fov": 50,
      "aspect": 1.539553752535497
    },
    {
      "camera_to_world": [
        0.9982676591629731,
        0.024108544475135725,
        -0.053669905464501906,
        -0.16963092823602455,
        -0.058793175649942186,
        0.44356746505722877,
        -0.894310497780105,
        -2.7661113318147805,
        0.0022456995064377913,
        0.895916671362909,
        0.4442164729135247,
        1.360319465605493,
        0,
        0,
        0,
        1
      ],
      "fov": 50,
      "aspect": 1.539553752535497
    },
    {
      "camera_to_world": [
        0.9999986973597081,
        -0.0007179449968095137,
        0.001445625770527823,
        0.0005808798815978618,
        0.0016140876329549067,
        0.4447986880805813,
        -0.8956291206760235,
        -2.7719855532105266,
        1.0842021724855042e-19,
        0.8956302873601224,
        0.444799267494029,
        1.3630053477969992,
        0,
        0,
        0,
        1
      ],
      "fov": 50,
      "aspect": 1.539553752535497
    },
    {
      "camera_to_world": [
        0.9980633304114664,
        -0.02655229798968162,
        0.05625445724064094,
        0.17004270950380151,
        0.06219255145811401,
        0.4447406325320259,
        -0.8934975413050352,
        -2.764815610837137,
        -0.0012942299261692986,
        0.8952657400160471,
        0.4455306720332704,
        1.3648754232660036,
        0,
        0,
        0,
        1
      ],
      "fov": 50,
      "aspect": 1.539553752535497
    },
    {
      "camera_to_world": [
        0.992099226560609,
        -0.05517323902270183,
        0.11267226079912307,
        0.344512138013497,
        0.12545170334977515,
        0.443434384742865,
        -0.8874839810128162,
        -2.7449566037370556,
        -0.0009973888318076803,
        0.8946070981852652,
        0.446852486948498,
